flow,duration,cap,seed,result
0.2,0.2,1,0,-102025
0.2,0.2,1,1,-101484
0.2,0.2,1,2,-101294
0.2,0.2,1,3,-101797
0.2,0.2,1,4,-101439
0.2,0.2,2,0,-100758
0.2,0.2,2,1,-101362
0.2,0.2,2,2,-101583
0.2,0.2,2,3,-101346
0.2,0.2,2,4,-101116
0.2,0.2,3,0,-100993
0.2,0.2,3,1,-100812
0.2,0.2,3,2,-101207
0.2,0.2,3,3,-101350
0.2,0.2,3,4,-100862
0.2,0.2,4,0,-100586
0.2,0.2,4,1,-100845
0.2,0.2,4,2,-101217
0.2,0.2,4,3,-100786
0.2,0.2,4,4,-101486
0.2,0.2,5,0,-100729
0.2,0.2,5,1,-100686
0.2,0.2,5,2,-101019
0.2,0.2,5,3,-101046
0.2,0.2,5,4,-102017
0.2,0.2,6,0,-101286
0.2,0.2,6,1,-100724
0.2,0.2,6,2,-101891
0.2,0.2,6,3,-101026
0.2,0.2,6,4,-100876
0.2,0.2,7,0,-101230
0.2,0.2,7,1,-101248
0.2,0.2,7,2,-101589
0.2,0.2,7,3,-101328
0.2,0.2,7,4,-100732
0.2,0.2,8,0,-101642
0.2,0.2,8,1,-101471
0.2,0.2,8,2,-101662
0.2,0.2,8,3,-102275
0.2,0.2,8,4,-102657
0.2,0.2,9,0,-101229
0.2,0.2,9,1,-101187
0.2,0.2,9,2,-101384
0.2,0.2,9,3,-101190
0.2,0.2,9,4,-101348
0.2,0.25,1,0,-101821
0.2,0.25,1,1,-101253
0.2,0.25,1,2,-101308
0.2,0.25,1,3,-101637
0.2,0.25,1,4,-101809
0.2,0.25,2,0,-101011
0.2,0.25,2,1,-101316
0.2,0.25,2,2,-101288
0.2,0.25,2,3,-101640
0.2,0.25,2,4,-101172
0.2,0.25,3,0,-101210
0.2,0.25,3,1,-101419
0.2,0.25,3,2,-100931
0.2,0.25,3,3,-100774
0.2,0.25,3,4,-101338
0.2,0.25,4,0,-101143
0.2,0.25,4,1,-101892
0.2,0.25,4,2,-100811
0.2,0.25,4,3,-100718
0.2,0.25,4,4,-101003
0.2,0.25,5,0,-100641
0.2,0.25,5,1,-101134
0.2,0.25,5,2,-101205
0.2,0.25,5,3,-101390
0.2,0.25,5,4,-101100
0.2,0.25,6,0,-100742
0.2,0.25,6,1,-101581
0.2,0.25,6,2,-101399
0.2,0.25,6,3,-101351
0.2,0.25,6,4,-100950
0.2,0.25,7,0,-101494
0.2,0.25,7,1,-101599
0.2,0.25,7,2,-101959
0.2,0.25,7,3,-102404
0.2,0.25,7,4,-101015
0.2,0.25,8,0,-101741
0.2,0.25,8,1,-102352
0.2,0.25,8,2,-101462
0.2,0.25,8,3,-101000
0.2,0.25,8,4,-101835
0.2,0.25,9,0,-101181
0.2,0.25,9,1,-101547
0.2,0.25,9,2,-101298
0.2,0.25,9,3,-100681
0.2,0.25,9,4,-101198
0.2,0.33,1,0,-101314
0.2,0.33,1,1,-101458
0.2,0.33,1,2,-101358
0.2,0.33,1,3,-101334
0.2,0.33,1,4,-101288
0.2,0.33,2,0,-100943
0.2,0.33,2,1,-101052
0.2,0.33,2,2,-101193
0.2,0.33,2,3,-101513
0.2,0.33,2,4,-101176
0.2,0.33,3,0,-100712
0.2,0.33,3,1,-101191
0.2,0.33,3,2,-101369
0.2,0.33,3,3,-101319
0.2,0.33,3,4,-101014
0.2,0.33,4,0,-101139
0.2,0.33,4,1,-100981
0.2,0.33,4,2,-100803
0.2,0.33,4,3,-100997
0.2,0.33,4,4,-101097
0.2,0.33,5,0,-101011
0.2,0.33,5,1,-100950
0.2,0.33,5,2,-101591
0.2,0.33,5,3,-101017
0.2,0.33,5,4,-100917
0.2,0.33,6,0,-101139
0.2,0.33,6,1,-100956
0.2,0.33,6,2,-101653
0.2,0.33,6,3,-100794
0.2,0.33,6,4,-100850
0.2,0.33,7,0,-101195
0.2,0.33,7,1,-102497
0.2,0.33,7,2,-100984
0.2,0.33,7,3,-102039
0.2,0.33,7,4,-100754
0.2,0.33,8,0,-101144
0.2,0.33,8,1,-101170
0.2,0.33,8,2,-101543
0.2,0.33,8,3,-102311
0.2,0.33,8,4,-102379
0.2,0.33,9,0,-100734
0.2,0.33,9,1,-100981
0.2,0.33,9,2,-100666
0.2,0.33,9,3,-100659
0.2,0.33,9,4,-101577
0.2,0.5,1,0,-101119
0.2,0.5,1,1,-101350
0.2,0.5,1,2,-101439
0.2,0.5,1,3,-101675
0.2,0.5,1,4,-101295
0.2,0.5,2,0,-101104
0.2,0.5,2,1,-100953
0.2,0.5,2,2,-101540
0.2,0.5,2,3,-101682
0.2,0.5,2,4,-101443
0.2,0.5,3,0,-100768
0.2,0.5,3,1,-101552
0.2,0.5,3,2,-100747
0.2,0.5,3,3,-101007
0.2,0.5,3,4,-100781
0.2,0.5,4,0,-100652
0.2,0.5,4,1,-101135
0.2,0.5,4,2,-100919
0.2,0.5,4,3,-101220
0.2,0.5,4,4,-101222
0.2,0.5,5,0,-101345
0.2,0.5,5,1,-101293
0.2,0.5,5,2,-101636
0.2,0.5,5,3,-101034
0.2,0.5,5,4,-101315
0.2,0.5,6,0,-101163
0.2,0.5,6,1,-101730
0.2,0.5,6,2,-101645
0.2,0.5,6,3,-101621
0.2,0.5,6,4,-101917
0.2,0.5,7,0,-101608
0.2,0.5,7,1,-102097
0.2,0.5,7,2,-101761
0.2,0.5,7,3,-101517
0.2,0.5,7,4,-101454
0.2,0.5,8,0,-101241
0.2,0.5,8,1,-101373
0.2,0.5,8,2,-100822
0.2,0.5,8,3,-101420
0.2,0.5,8,4,-102490
0.2,0.5,9,0,-102480
0.2,0.5,9,1,-101331
0.2,0.5,9,2,-101607
0.2,0.5,9,3,-100622
0.2,0.5,9,4,-101030
0.25,0.2,1,0,-1465
0.25,0.2,1,1,-101900
0.25,0.2,1,2,-101750
0.25,0.2,1,3,-101565
0.25,0.2,1,4,-102065
0.25,0.2,2,0,-102160
0.25,0.2,2,1,-101122
0.25,0.2,2,2,-101980
0.25,0.2,2,3,-101264
0.25,0.2,2,4,-101303
0.25,0.2,3,0,-100700
0.25,0.2,3,1,-101446
0.25,0.2,3,2,-100833
0.25,0.2,3,3,-101262
0.25,0.2,3,4,-101515
0.25,0.2,4,0,-100807
0.25,0.2,4,1,-101772
0.25,0.2,4,2,-101424
0.25,0.2,4,3,-101469
0.25,0.2,4,4,-101031
0.25,0.2,5,0,-101172
0.25,0.2,5,1,-100914
0.25,0.2,5,2,-100940
0.25,0.2,5,3,-100960
0.25,0.2,5,4,-100630
0.25,0.2,6,0,-100986
0.25,0.2,6,1,-100980
0.25,0.2,6,2,-101512
0.25,0.2,6,3,-101119
0.25,0.2,6,4,-101741
0.25,0.2,7,0,-101631
0.25,0.2,7,1,-101733
0.25,0.2,7,2,-101279
0.25,0.2,7,3,-101610
0.25,0.2,7,4,-101074
0.25,0.2,8,0,-100992
0.25,0.2,8,1,-101373
0.25,0.2,8,2,-101335
0.25,0.2,8,3,-101533
0.25,0.2,8,4,-101298
0.25,0.2,9,0,-101218
0.25,0.2,9,1,-100932
0.25,0.2,9,2,-100868
0.25,0.2,9,3,-100640
0.25,0.2,9,4,-100737
0.33,0.2,1,0,-977
0.33,0.2,1,1,-101791
0.33,0.2,1,2,-101593
0.33,0.2,1,3,-101914
0.33,0.2,1,4,-102315
0.33,0.2,2,0,-102403
0.33,0.2,2,1,-101579
0.33,0.2,2,2,-101486
0.33,0.2,2,3,-101833
0.33,0.2,2,4,-101741
0.33,0.2,3,0,-101343
0.33,0.2,3,1,-101282
0.33,0.2,3,2,-101112
0.33,0.2,3,3,-101403
0.33,0.2,3,4,-101365
0.33,0.2,4,0,-101318
0.33,0.2,4,1,-101410
0.33,0.2,4,2,-101095
0.33,0.2,4,3,-100750
0.33,0.2,4,4,-100817
0.33,0.2,5,0,-100979
0.33,0.2,5,1,-101530
0.33,0.2,5,2,-101254
0.33,0.2,5,3,-100693
0.33,0.2,5,4,-100916
0.33,0.2,6,0,-100784
0.33,0.2,6,1,-101542
0.33,0.2,6,2,-100840
0.33,0.2,6,3,-101793
0.33,0.2,6,4,-100850
0.33,0.2,7,0,-101451
0.33,0.2,7,1,-101901
0.33,0.2,7,2,-101543
0.33,0.2,7,3,-101082
0.33,0.2,7,4,-101783
0.33,0.2,8,0,-100662
0.33,0.2,8,1,-102869
0.33,0.2,8,2,-100662
0.33,0.2,8,3,-100922
0.33,0.2,8,4,-101200
0.33,0.2,9,0,-101216
0.33,0.2,9,1,-102022
0.33,0.2,9,2,-101364
0.33,0.2,9,3,-100374
0.33,0.2,9,4,-100737
0.33,0.25,1,0,-1636
0.33,0.25,1,1,-101429
0.33,0.25,1,2,-101620
0.33,0.25,1,3,-101955
0.33,0.25,1,4,-101357
0.33,0.25,2,0,-102064
0.33,0.25,2,1,-101543
0.33,0.25,2,2,-101487
0.33,0.25,2,3,-101828
0.33,0.25,2,4,-101340
0.33,0.25,3,0,-101385
0.33,0.25,3,1,-101149
0.33,0.25,3,2,-101657
0.33,0.25,3,3,-101901
0.33,0.25,3,4,-101476
0.33,0.25,4,0,-101020
0.33,0.25,4,1,-101013
0.33,0.25,4,2,-101675
0.33,0.25,4,3,-100900
0.33,0.25,4,4,-100671
0.33,0.25,5,0,-100723
0.33,0.25,5,1,-101749
0.33,0.25,5,2,-101647
0.33,0.25,5,3,-101508
0.33,0.25,5,4,-101030
0.33,0.25,6,0,-101070
0.33,0.25,6,1,-101475
0.33,0.25,6,2,-101289
0.33,0.25,6,3,-101899
0.33,0.25,6,4,-101232
0.33,0.25,7,0,-101581
0.33,0.25,7,1,-101076
0.33,0.25,7,2,-101668
0.33,0.25,7,3,-101580
0.33,0.25,7,4,-101296
0.33,0.25,8,0,-101212
0.33,0.25,8,1,-101899
0.33,0.25,8,2,-101992
0.33,0.25,8,3,-100745
0.33,0.25,8,4,-101240
0.33,0.25,9,0,-100942
0.33,0.25,9,1,-100743
0.33,0.25,9,2,-100685
0.33,0.25,9,3,-100703
0.33,0.25,9,4,-100749
0.33,0.33,1,0,-102235
0.33,0.33,1,1,-101397
0.33,0.33,1,2,-101769
0.33,0.33,1,3,-101884
0.33,0.33,1,4,-101693
0.33,0.33,2,0,-102267
0.33,0.33,2,1,-101919
0.33,0.33,2,2,-101677
0.33,0.33,2,3,-101491
0.33,0.33,2,4,-102070
0.33,0.33,3,0,-101101
0.33,0.33,3,1,-101053
0.33,0.33,3,2,-101805
0.33,0.33,3,3,-101335
0.33,0.33,3,4,-101662
0.33,0.33,4,0,-100693
0.33,0.33,4,1,-101096
0.33,0.33,4,2,-100812
0.33,0.33,4,3,-100802
0.33,0.33,4,4,-101239
0.33,0.33,5,0,-100987
0.33,0.33,5,1,-101088
0.33,0.33,5,2,-100903
0.33,0.33,5,3,-102037
0.33,0.33,5,4,-101614
0.33,0.33,6,0,-100741
0.33,0.33,6,1,-101947
0.33,0.33,6,2,-100930
0.33,0.33,6,3,-100898
0.33,0.33,6,4,-100787
0.33,0.33,7,0,-100826
0.33,0.33,7,1,-101198
0.33,0.33,7,2,-101612
0.33,0.33,7,3,-100941
0.33,0.33,7,4,-101305
0.33,0.33,8,0,-100703
0.33,0.33,8,1,-101628
0.33,0.33,8,2,-100718
0.33,0.33,8,3,-101790
0.33,0.33,8,4,-101090
0.33,0.33,9,0,-101211
0.33,0.33,9,1,-101452
0.33,0.33,9,2,-101212
0.33,0.33,9,3,-101018
0.33,0.33,9,4,-101007
0.33,0.5,1,0,-101839
0.33,0.5,1,1,-101527
0.33,0.5,1,2,-101682
0.33,0.5,1,3,-101426
0.33,0.5,1,4,-101463
0.33,0.5,2,0,-102455
0.33,0.5,2,1,-101277
0.33,0.5,2,2,-101508
0.33,0.5,2,3,-101679
0.33,0.5,2,4,-101056
0.33,0.5,3,0,-100958
0.33,0.5,3,1,-101490
0.33,0.5,3,2,-100973
0.33,0.5,3,3,-101415
0.33,0.5,3,4,-101503
0.33,0.5,4,0,-101293
0.33,0.5,4,1,-101500
0.33,0.5,4,2,-101468
0.33,0.5,4,3,-101048
0.33,0.5,4,4,-101341
0.33,0.5,5,0,-100898
0.33,0.5,5,1,-101567
0.33,0.5,5,2,-102138
0.33,0.5,5,3,-101660
0.33,0.5,5,4,-101342
0.33,0.5,6,0,-100713
0.33,0.5,6,1,-102262
0.33,0.5,6,2,-101923
0.33,0.5,6,3,-102039
0.33,0.5,6,4,-101828
0.33,0.5,7,0,-100912
0.33,0.5,7,1,-101578
0.33,0.5,7,2,-101579
0.33,0.5,7,3,-101454
0.33,0.5,7,4,-100660
0.33,0.5,8,0,-101997
0.33,0.5,8,1,-101680
0.33,0.5,8,2,-103118
0.33,0.5,8,3,-101545
0.33,0.5,8,4,-101084
0.33,0.5,9,0,-101538
0.33,0.5,9,1,-100710
0.33,0.5,9,2,-101516
0.33,0.5,9,3,-100744
0.33,0.5,9,4,-101861
0.5,0.2,1,0,-101669
0.5,0.2,1,1,-101508
0.5,0.2,1,2,-102119
0.5,0.2,1,3,-101615
0.5,0.2,1,4,-101710
0.5,0.2,2,0,-682
0.5,0.2,2,1,-887
0.5,0.2,2,2,-977
0.5,0.2,2,3,-795
0.5,0.2,2,4,-832
0.5,0.2,3,0,-102283
0.5,0.2,3,1,-101848
0.5,0.2,3,2,-101757
0.5,0.2,3,3,-102124
0.5,0.2,3,4,-102070
0.5,0.2,4,0,-101244
0.5,0.2,4,1,-101957
0.5,0.2,4,2,-101201
0.5,0.2,4,3,-101442
0.5,0.2,4,4,-101432
0.5,0.2,5,0,-101269
0.5,0.2,5,1,-101742
0.5,0.2,5,2,-101439
0.5,0.2,5,3,-101837
0.5,0.2,5,4,-101386
0.5,0.2,6,0,-101013
0.5,0.2,6,1,-101404
0.5,0.2,6,2,-101964
0.5,0.2,6,3,-100818
0.5,0.2,6,4,-100735
0.5,0.2,7,0,-100914
0.5,0.2,7,1,-101443
0.5,0.2,7,2,-101474
0.5,0.2,7,3,-100844
0.5,0.2,7,4,-102061
0.5,0.2,8,0,-100720
0.5,0.2,8,1,-101761
0.5,0.2,8,2,-101036
0.5,0.2,8,3,-101615
0.5,0.2,8,4,-101606
0.5,0.2,9,0,-102072
0.5,0.2,9,1,-101525
0.5,0.2,9,2,-101772
0.5,0.2,9,3,-100777
0.5,0.2,9,4,-101604
0.5,0.25,1,0,-101739
0.5,0.25,1,1,-101393
0.5,0.25,1,2,-102066
0.5,0.25,1,3,-102036
0.5,0.25,1,4,-102164
0.5,0.25,2,0,-694
0.5,0.25,2,1,-1431
0.5,0.25,2,2,-879
0.5,0.25,2,3,-788
0.5,0.25,2,4,-829
0.5,0.25,3,0,-102862
0.5,0.25,3,1,-101581
0.5,0.25,3,2,-102187
0.5,0.25,3,3,-102204
0.5,0.25,3,4,-102349
0.5,0.25,4,0,-100644
0.5,0.25,4,1,-101088
0.5,0.25,4,2,-101632
0.5,0.25,4,3,-102290
0.5,0.25,4,4,-101385
0.5,0.25,5,0,-101497
0.5,0.25,5,1,-101211
0.5,0.25,5,2,-101362
0.5,0.25,5,3,-101190
0.5,0.25,5,4,-100941
0.5,0.25,6,0,-101746
0.5,0.25,6,1,-101560
0.5,0.25,6,2,-101628
0.5,0.25,6,3,-100999
0.5,0.25,6,4,-102075
0.5,0.25,7,0,-100716
0.5,0.25,7,1,-102095
0.5,0.25,7,2,-101162
0.5,0.25,7,3,-101638
0.5,0.25,7,4,-101300
0.5,0.25,8,0,-101263
0.5,0.25,8,1,-101703
0.5,0.25,8,2,-101270
0.5,0.25,8,3,-101154
0.5,0.25,8,4,-100484
0.5,0.25,9,0,-101352
0.5,0.25,9,1,-100858
0.5,0.25,9,2,-101249
0.5,0.25,9,3,-101650
0.5,0.25,9,4,-101388
0.5,0.33,1,0,-101456
0.5,0.33,1,1,-101936
0.5,0.33,1,2,-101875
0.5,0.33,1,3,-101564
0.5,0.33,1,4,-101072
0.5,0.33,2,0,-915
0.5,0.33,2,1,-102169
0.5,0.33,2,2,-1063
0.5,0.33,2,3,-991
0.5,0.33,2,4,-1036
0.5,0.33,3,0,-3005
0.5,0.33,3,1,-102363
0.5,0.33,3,2,-102372
0.5,0.33,3,3,-101964
0.5,0.33,3,4,-102085
0.5,0.33,4,0,-101002
0.5,0.33,4,1,-101456
0.5,0.33,4,2,-101527
0.5,0.33,4,3,-101725
0.5,0.33,4,4,-101259
0.5,0.33,5,0,-100932
0.5,0.33,5,1,-101117
0.5,0.33,5,2,-101337
0.5,0.33,5,3,-101362
0.5,0.33,5,4,-100832
0.5,0.33,6,0,-100989
0.5,0.33,6,1,-101252
0.5,0.33,6,2,-100957
0.5,0.33,6,3,-100688
0.5,0.33,6,4,-101356
0.5,0.33,7,0,-100658
0.5,0.33,7,1,-102311
0.5,0.33,7,2,-101620
0.5,0.33,7,3,-102525
0.5,0.33,7,4,-100924
0.5,0.33,8,0,-101489
0.5,0.33,8,1,-101024
0.5,0.33,8,2,-101357
0.5,0.33,8,3,-102059
0.5,0.33,8,4,-101176
0.5,0.33,9,0,-101179
0.5,0.33,9,1,-100976
0.5,0.33,9,2,-100673
0.5,0.33,9,3,-102304
0.5,0.33,9,4,-102230
0.5,0.5,1,0,-101687
0.5,0.5,1,1,-100938
0.5,0.5,1,2,-101510
0.5,0.5,1,3,-101339
0.5,0.5,1,4,-102027
0.5,0.5,2,0,-2650
0.5,0.5,2,1,-101334
0.5,0.5,2,2,-101324
0.5,0.5,2,3,-101763
0.5,0.5,2,4,-101811
0.5,0.5,3,0,-102488
0.5,0.5,3,1,-101335
0.5,0.5,3,2,-101200
0.5,0.5,3,3,-101819
0.5,0.5,3,4,-101284
0.5,0.5,4,0,-101429
0.5,0.5,4,1,-101053
0.5,0.5,4,2,-101024
0.5,0.5,4,3,-101191
0.5,0.5,4,4,-101204
0.5,0.5,5,0,-101820
0.5,0.5,5,1,-101154
0.5,0.5,5,2,-101300
0.5,0.5,5,3,-101234
0.5,0.5,5,4,-101349
0.5,0.5,6,0,-102204
0.5,0.5,6,1,-100817
0.5,0.5,6,2,-101096
0.5,0.5,6,3,-100726
0.5,0.5,6,4,-100763
0.5,0.5,7,0,-100864
0.5,0.5,7,1,-101895
0.5,0.5,7,2,-101611
0.5,0.5,7,3,-101135
0.5,0.5,7,4,-101664
0.5,0.5,8,0,-101168
0.5,0.5,8,1,-102268
0.5,0.5,8,2,-101299
0.5,0.5,8,3,-101624
0.5,0.5,8,4,-101789
0.5,0.5,9,0,-101745
0.5,0.5,9,1,-101838
0.5,0.5,9,2,-100961
0.5,0.5,9,3,-100692
0.5,0.5,9,4,-100635
1.0,0.2,1,0,-100781
1.0,0.2,1,1,-101451
1.0,0.2,1,2,-100826
1.0,0.2,1,3,-101939
1.0,0.2,1,4,-102155
1.0,0.2,2,0,-406
1.0,0.2,2,1,-547
1.0,0.2,2,2,-610
1.0,0.2,2,3,-684
1.0,0.2,2,4,-519
1.0,0.2,3,0,-226
1.0,0.2,3,1,-234
1.0,0.2,3,2,-287
1.0,0.2,3,3,-332
1.0,0.2,3,4,-265
1.0,0.2,4,0,-581
1.0,0.2,4,1,-675
1.0,0.2,4,2,-667
1.0,0.2,4,3,-708
1.0,0.2,4,4,-631
1.0,0.2,5,0,-102707
1.0,0.2,5,1,-102458
1.0,0.2,5,2,-102037
1.0,0.2,5,3,-102100
1.0,0.2,5,4,-101212
1.0,0.2,6,0,-100809
1.0,0.2,6,1,-100816
1.0,0.2,6,2,-101417
1.0,0.2,6,3,-102203
1.0,0.2,6,4,-101659
1.0,0.2,7,0,-100686
1.0,0.2,7,1,-101713
1.0,0.2,7,2,-101726
1.0,0.2,7,3,-102549
1.0,0.2,7,4,-101789
1.0,0.2,8,0,-102127
1.0,0.2,8,1,-101612
1.0,0.2,8,2,-102589
1.0,0.2,8,3,-100920
1.0,0.2,8,4,-101159
1.0,0.2,9,0,-100951
1.0,0.2,9,1,-100741
1.0,0.2,9,2,-101846
1.0,0.2,9,3,-101007
1.0,0.2,9,4,-101604
1.0,0.25,1,0,-101758
1.0,0.25,1,1,-101573
1.0,0.25,1,2,-101151
1.0,0.25,1,3,-100981
1.0,0.25,1,4,-101885
1.0,0.25,2,0,-971
1.0,0.25,2,1,-1067
1.0,0.25,2,2,-101076
1.0,0.25,2,3,-1085
1.0,0.25,2,4,-101305
1.0,0.25,3,0,-237
1.0,0.25,3,1,-272
1.0,0.25,3,2,-331
1.0,0.25,3,3,-365
1.0,0.25,3,4,-343
1.0,0.25,4,0,-620
1.0,0.25,4,1,-667
1.0,0.25,4,2,-702
1.0,0.25,4,3,-806
1.0,0.25,4,4,-655
1.0,0.25,5,0,-102962
1.0,0.25,5,1,-102203
1.0,0.25,5,2,-101839
1.0,0.25,5,3,-101570
1.0,0.25,5,4,-102335
1.0,0.25,6,0,-101753
1.0,0.25,6,1,-101717
1.0,0.25,6,2,-101321
1.0,0.25,6,3,-101754
1.0,0.25,6,4,-101240
1.0,0.25,7,0,-101248
1.0,0.25,7,1,-101176
1.0,0.25,7,2,-102099
1.0,0.25,7,3,-100785
1.0,0.25,7,4,-100848
1.0,0.25,8,0,-101301
1.0,0.25,8,1,-101016
1.0,0.25,8,2,-101853
1.0,0.25,8,3,-100680
1.0,0.25,8,4,-100861
1.0,0.25,9,0,-101249
1.0,0.25,9,1,-101761
1.0,0.25,9,2,-101433
1.0,0.25,9,3,-101032
1.0,0.25,9,4,-102506
1.0,0.33,1,0,-101675
1.0,0.33,1,1,-102111
1.0,0.33,1,2,-101426
1.0,0.33,1,3,-101007
1.0,0.33,1,4,-101532
1.0,0.33,2,0,-102774
1.0,0.33,2,1,-102427
1.0,0.33,2,2,-101627
1.0,0.33,2,3,-101982
1.0,0.33,2,4,-101345
1.0,0.33,3,0,-354
1.0,0.33,3,1,-465
1.0,0.33,3,2,-554
1.0,0.33,3,3,-503
1.0,0.33,3,4,-491
1.0,0.33,4,0,-652
1.0,0.33,4,1,-723
1.0,0.33,4,2,-695
1.0,0.33,4,3,-761
1.0,0.33,4,4,-672
1.0,0.33,5,0,-102857
1.0,0.33,5,1,-102085
1.0,0.33,5,2,-102537
1.0,0.33,5,3,-101883
1.0,0.33,5,4,-102535
1.0,0.33,6,0,-101366
1.0,0.33,6,1,-101968
1.0,0.33,6,2,-101697
1.0,0.33,6,3,-101633
1.0,0.33,6,4,-101913
1.0,0.33,7,0,-101910
1.0,0.33,7,1,-101022
1.0,0.33,7,2,-101172
1.0,0.33,7,3,-101275
1.0,0.33,7,4,-100597
1.0,0.33,8,0,-101077
1.0,0.33,8,1,-101251
1.0,0.33,8,2,-100753
1.0,0.33,8,3,-102070
1.0,0.33,8,4,-101316
1.0,0.33,9,0,-101792
1.0,0.33,9,1,-100981
1.0,0.33,9,2,-101003
1.0,0.33,9,3,-101597
1.0,0.33,9,4,-101198
1.0,0.5,1,0,-101004
1.0,0.5,1,1,-100766
1.0,0.5,1,2,-101090
1.0,0.5,1,3,-101184
1.0,0.5,1,4,-101063
1.0,0.5,2,0,-102001
1.0,0.5,2,1,-102264
1.0,0.5,2,2,-102039
1.0,0.5,2,3,-100854
1.0,0.5,2,4,-101798
1.0,0.5,3,0,-2144
1.0,0.5,3,1,-2240
1.0,0.5,3,2,-102035
1.0,0.5,3,3,-101878
1.0,0.5,3,4,-101883
1.0,0.5,4,0,-820
1.0,0.5,4,1,-931
1.0,0.5,4,2,-1034
1.0,0.5,4,3,-1048
1.0,0.5,4,4,-884
1.0,0.5,5,0,-102282
1.0,0.5,5,1,-101688
1.0,0.5,5,2,-102254
1.0,0.5,5,3,-101507
1.0,0.5,5,4,-102106
1.0,0.5,6,0,-101836
1.0,0.5,6,1,-101172
1.0,0.5,6,2,-101219
1.0,0.5,6,3,-102068
1.0,0.5,6,4,-101521
1.0,0.5,7,0,-101407
1.0,0.5,7,1,-101646
1.0,0.5,7,2,-101295
1.0,0.5,7,3,-100621
1.0,0.5,7,4,-101091
1.0,0.5,8,0,-100907
1.0,0.5,8,1,-100775
1.0,0.5,8,2,-102599
1.0,0.5,8,3,-101052
1.0,0.5,8,4,-101093
1.0,0.5,9,0,-102011
1.0,0.5,9,1,-101900
1.0,0.5,9,2,-101284
1.0,0.5,9,3,-102076
1.0,0.5,9,4,-101036
2.0,0.2,1,0,-101860
2.0,0.2,1,1,-101908
2.0,0.2,1,2,-101662
2.0,0.2,1,3,-101028
2.0,0.2,1,4,-100866
2.0,0.2,2,0,-1767
2.0,0.2,2,1,-101780
2.0,0.2,2,2,-101691
2.0,0.2,2,3,-101578
2.0,0.2,2,4,-101773
2.0,0.2,3,0,-213
2.0,0.2,3,1,-237
2.0,0.2,3,2,-424
2.0,0.2,3,3,-240
2.0,0.2,3,4,-213
2.0,0.2,4,0,-89
2.0,0.2,4,1,-89
2.0,0.2,4,2,-114
2.0,0.2,4,3,-110
2.0,0.2,4,4,-72
2.0,0.2,5,0,-154
2.0,0.2,5,1,-159
2.0,0.2,5,2,-144
2.0,0.2,5,3,-210
2.0,0.2,5,4,-162
2.0,0.2,6,0,-764
2.0,0.2,6,1,-770
2.0,0.2,6,2,-657
2.0,0.2,6,3,-879
2.0,0.2,6,4,-649
2.0,0.2,7,0,-102886
2.0,0.2,7,1,-101838
2.0,0.2,7,2,-102157
2.0,0.2,7,3,-102984
2.0,0.2,7,4,-101940
2.0,0.2,8,0,-101843
2.0,0.2,8,1,-101056
2.0,0.2,8,2,-101417
2.0,0.2,8,3,-101234
2.0,0.2,8,4,-100658
2.0,0.2,9,0,-101044
2.0,0.2,9,1,-101837
2.0,0.2,9,2,-101351
2.0,0.2,9,3,-100812
2.0,0.2,9,4,-101558
2.0,0.25,1,0,-102101
2.0,0.25,1,1,-101147
2.0,0.25,1,2,-101222
2.0,0.25,1,3,-100942
2.0,0.25,1,4,-101204
2.0,0.25,2,0,-101387
2.0,0.25,2,1,-101714
2.0,0.25,2,2,-102021
2.0,0.25,2,3,-101471
2.0,0.25,2,4,-101269
2.0,0.25,3,0,-484
2.0,0.25,3,1,-489
2.0,0.25,3,2,-963
2.0,0.25,3,3,-540
2.0,0.25,3,4,-495
2.0,0.25,4,0,-127
2.0,0.25,4,1,-122
2.0,0.25,4,2,-172
2.0,0.25,4,3,-141
2.0,0.25,4,4,-120
2.0,0.25,5,0,-161
2.0,0.25,5,1,-168
2.0,0.25,5,2,-171
2.0,0.25,5,3,-218
2.0,0.25,5,4,-168
2.0,0.25,6,0,-814
2.0,0.25,6,1,-793
2.0,0.25,6,2,-641
2.0,0.25,6,3,-943
2.0,0.25,6,4,-710
2.0,0.25,7,0,-101644
2.0,0.25,7,1,-101848
2.0,0.25,7,2,-101469
2.0,0.25,7,3,-102437
2.0,0.25,7,4,-101343
2.0,0.25,8,0,-101671
2.0,0.25,8,1,-101177
2.0,0.25,8,2,-101727
2.0,0.25,8,3,-101366
2.0,0.25,8,4,-101674
2.0,0.25,9,0,-102163
2.0,0.25,9,1,-101122
2.0,0.25,9,2,-101146
2.0,0.25,9,3,-100672
2.0,0.25,9,4,-100662
2.0,0.33,1,0,-101968
2.0,0.33,1,1,-101263
2.0,0.33,1,2,-100936
2.0,0.33,1,3,-102363
2.0,0.33,1,4,-100887
2.0,0.33,2,0,-100932
2.0,0.33,2,1,-101750
2.0,0.33,2,2,-101726
2.0,0.33,2,3,-100774
2.0,0.33,2,4,-101006
2.0,0.33,3,0,-979
2.0,0.33,3,1,-102078
2.0,0.33,3,2,-101677
2.0,0.33,3,3,-102497
2.0,0.33,3,4,-101069
2.0,0.33,4,0,-254
2.0,0.33,4,1,-204
2.0,0.33,4,2,-314
2.0,0.33,4,3,-289
2.0,0.33,4,4,-262
2.0,0.33,5,0,-186
2.0,0.33,5,1,-192
2.0,0.33,5,2,-213
2.0,0.33,5,3,-281
2.0,0.33,5,4,-216
2.0,0.33,6,0,-766
2.0,0.33,6,1,-807
2.0,0.33,6,2,-703
2.0,0.33,6,3,-889
2.0,0.33,6,4,-687
2.0,0.33,7,0,-101783
2.0,0.33,7,1,-102381
2.0,0.33,7,2,-101513
2.0,0.33,7,3,-102697
2.0,0.33,7,4,-101813
2.0,0.33,8,0,-101078
2.0,0.33,8,1,-101694
2.0,0.33,8,2,-100942
2.0,0.33,8,3,-101402
2.0,0.33,8,4,-101310
2.0,0.33,9,0,-101475
2.0,0.33,9,1,-101397
2.0,0.33,9,2,-101750
2.0,0.33,9,3,-102509
2.0,0.33,9,4,-100845
2.0,0.5,1,0,-100952
2.0,0.5,1,1,-102650
2.0,0.5,1,2,-101260
2.0,0.5,1,3,-101192
2.0,0.5,1,4,-101690
2.0,0.5,2,0,-101350
2.0,0.5,2,1,-101167
2.0,0.5,2,2,-101971
2.0,0.5,2,3,-101311
2.0,0.5,2,4,-101294
2.0,0.5,3,0,-102478
2.0,0.5,3,1,-100932
2.0,0.5,3,2,-101260
2.0,0.5,3,3,-101670
2.0,0.5,3,4,-101267
2.0,0.5,4,0,-1757
2.0,0.5,4,1,-1746
2.0,0.5,4,2,-101679
2.0,0.5,4,3,-101953
2.0,0.5,4,4,-101358
2.0,0.5,5,0,-406
2.0,0.5,5,1,-450
2.0,0.5,5,2,-572
2.0,0.5,5,3,-609
2.0,0.5,5,4,-588
2.0,0.5,6,0,-810
2.0,0.5,6,1,-881
2.0,0.5,6,2,-816
2.0,0.5,6,3,-906
2.0,0.5,6,4,-786
2.0,0.5,7,0,-101829
2.0,0.5,7,1,-101567
2.0,0.5,7,2,-101487
2.0,0.5,7,3,-102317
2.0,0.5,7,4,-101067
2.0,0.5,8,0,-101184
2.0,0.5,8,1,-101530
2.0,0.5,8,2,-101709
2.0,0.5,8,3,-100781
2.0,0.5,8,4,-101124
2.0,0.5,9,0,-100797
2.0,0.5,9,1,-101440
2.0,0.5,9,2,-100793
2.0,0.5,9,3,-102362
2.0,0.5,9,4,-101551
3.0,0.2,1,0,-101534
3.0,0.2,1,1,-101535
3.0,0.2,1,2,-101646
3.0,0.2,1,3,-100804
3.0,0.2,1,4,-100703
3.0,0.2,2,0,-101531
3.0,0.2,2,1,-101213
3.0,0.2,2,2,-102271
3.0,0.2,2,3,-100950
3.0,0.2,2,4,-101637
3.0,0.2,3,0,-321
3.0,0.2,3,1,-470
3.0,0.2,3,2,-635
3.0,0.2,3,3,-421
3.0,0.2,3,4,-440
3.0,0.2,4,0,-76
3.0,0.2,4,1,-97
3.0,0.2,4,2,-112
3.0,0.2,4,3,-121
3.0,0.2,4,4,-77
3.0,0.2,5,0,-37
3.0,0.2,5,1,-47
3.0,0.2,5,2,-63
3.0,0.2,5,3,-65
3.0,0.2,5,4,-34
3.0,0.2,6,0,-85
3.0,0.2,6,1,-101
3.0,0.2,6,2,-110
3.0,0.2,6,3,-162
3.0,0.2,6,4,-107
3.0,0.2,7,0,-665
3.0,0.2,7,1,-549
3.0,0.2,7,2,-746
3.0,0.2,7,3,-1039
3.0,0.2,7,4,-530
3.0,0.2,8,0,-101828
3.0,0.2,8,1,-101939
3.0,0.2,8,2,-101417
3.0,0.2,8,3,-101714
3.0,0.2,8,4,-101561
3.0,0.2,9,0,-100891
3.0,0.2,9,1,-101494
3.0,0.2,9,2,-101661
3.0,0.2,9,3,-101995
3.0,0.2,9,4,-102723
3.0,0.25,1,0,-101534
3.0,0.25,1,1,-100932
3.0,0.25,1,2,-100944
3.0,0.25,1,3,-101488
3.0,0.25,1,4,-100884
3.0,0.25,2,0,-101187
3.0,0.25,2,1,-101814
3.0,0.25,2,2,-101160
3.0,0.25,2,3,-100959
3.0,0.25,2,4,-101785
3.0,0.25,3,0,-973
3.0,0.25,3,1,-793
3.0,0.25,3,2,-101204
3.0,0.25,3,3,-101097
3.0,0.25,3,4,-101165
3.0,0.25,4,0,-168
3.0,0.25,4,1,-152
3.0,0.25,4,2,-236
3.0,0.25,4,3,-220
3.0,0.25,4,4,-129
3.0,0.25,5,0,-53
3.0,0.25,5,1,-69
3.0,0.25,5,2,-90
3.0,0.25,5,3,-94
3.0,0.25,5,4,-52
3.0,0.25,6,0,-93
3.0,0.25,6,1,-106
3.0,0.25,6,2,-123
3.0,0.25,6,3,-178
3.0,0.25,6,4,-114
3.0,0.25,7,0,-653
3.0,0.25,7,1,-548
3.0,0.25,7,2,-761
3.0,0.25,7,3,-926
3.0,0.25,7,4,-565
3.0,0.25,8,0,-101711
3.0,0.25,8,1,-101308
3.0,0.25,8,2,-101576
3.0,0.25,8,3,-102044
3.0,0.25,8,4,-101202
3.0,0.25,9,0,-100713
3.0,0.25,9,1,-102322
3.0,0.25,9,2,-100906
3.0,0.25,9,3,-101224
3.0,0.25,9,4,-101740
3.0,0.33,1,0,-101344
3.0,0.33,1,1,-101241
3.0,0.33,1,2,-101290
3.0,0.33,1,3,-101642
3.0,0.33,1,4,-101785
3.0,0.33,2,0,-101610
3.0,0.33,2,1,-102031
3.0,0.33,2,2,-100820
3.0,0.33,2,3,-101176
3.0,0.33,2,4,-101344
3.0,0.33,3,0,-101359
3.0,0.33,3,1,-101764
3.0,0.33,3,2,-101352
3.0,0.33,3,3,-101838
3.0,0.33,3,4,-101394
3.0,0.33,4,0,-428
3.0,0.33,4,1,-387
3.0,0.33,4,2,-764
3.0,0.33,4,3,-490
3.0,0.33,4,4,-401
3.0,0.33,5,0,-107
3.0,0.33,5,1,-128
3.0,0.33,5,2,-154
3.0,0.33,5,3,-160
3.0,0.33,5,4,-154
3.0,0.33,6,0,-113
3.0,0.33,6,1,-127
3.0,0.33,6,2,-140
3.0,0.33,6,3,-197
3.0,0.33,6,4,-152
3.0,0.33,7,0,-694
3.0,0.33,7,1,-553
3.0,0.33,7,2,-793
3.0,0.33,7,3,-101408
3.0,0.33,7,4,-558
3.0,0.33,8,0,-101806
3.0,0.33,8,1,-101347
3.0,0.33,8,2,-102523
3.0,0.33,8,3,-101639
3.0,0.33,8,4,-101102
3.0,0.33,9,0,-101619
3.0,0.33,9,1,-101362
3.0,0.33,9,2,-101172
3.0,0.33,9,3,-101111
3.0,0.33,9,4,-102671
3.0,0.5,1,0,-101796
3.0,0.5,1,1,-100946
3.0,0.5,1,2,-101698
3.0,0.5,1,3,-101651
3.0,0.5,1,4,-101999
3.0,0.5,2,0,-100806
3.0,0.5,2,1,-101244
3.0,0.5,2,2,-101085
3.0,0.5,2,3,-100713
3.0,0.5,2,4,-100939
3.0,0.5,3,0,-101397
3.0,0.5,3,1,-101850
3.0,0.5,3,2,-101317
3.0,0.5,3,3,-101033
3.0,0.5,3,4,-101444
3.0,0.5,4,0,-101181
3.0,0.5,4,1,-102200
3.0,0.5,4,2,-101390
3.0,0.5,4,3,-102132
3.0,0.5,4,4,-101552
3.0,0.5,5,0,-705
3.0,0.5,5,1,-732
3.0,0.5,5,2,-1596
3.0,0.5,5,3,-1070
3.0,0.5,5,4,-837
3.0,0.5,6,0,-249
3.0,0.5,6,1,-274
3.0,0.5,6,2,-336
3.0,0.5,6,3,-353
3.0,0.5,6,4,-339
3.0,0.5,7,0,-774
3.0,0.5,7,1,-629
3.0,0.5,7,2,-889
3.0,0.5,7,3,-101639
3.0,0.5,7,4,-676
3.0,0.5,8,0,-101552
3.0,0.5,8,1,-101563
3.0,0.5,8,2,-101283
3.0,0.5,8,3,-101917
3.0,0.5,8,4,-101199
3.0,0.5,9,0,-102140
3.0,0.5,9,1,-101697
3.0,0.5,9,2,-101028
3.0,0.5,9,3,-101200
3.0,0.5,9,4,-101304
4.0,0.2,1,0,-102055
4.0,0.2,1,1,-101971
4.0,0.2,1,2,-100826
4.0,0.2,1,3,-100881
4.0,0.2,1,4,-101472
4.0,0.2,2,0,-101722
4.0,0.2,2,1,-102214
4.0,0.2,2,2,-102721
4.0,0.2,2,3,-101448
4.0,0.2,2,4,-101408
4.0,0.2,3,0,-602
4.0,0.2,3,1,-640
4.0,0.2,3,2,-101804
4.0,0.2,3,3,-813
4.0,0.2,3,4,-612
4.0,0.2,4,0,-94
4.0,0.2,4,1,-144
4.0,0.2,4,2,-137
4.0,0.2,4,3,-147
4.0,0.2,4,4,-107
4.0,0.2,5,0,-33
4.0,0.2,5,1,-46
4.0,0.2,5,2,-70
4.0,0.2,5,3,-58
4.0,0.2,5,4,-34
4.0,0.2,6,0,-32
4.0,0.2,6,1,-46
4.0,0.2,6,2,-48
4.0,0.2,6,3,-72
4.0,0.2,6,4,-38
4.0,0.2,7,0,-177
4.0,0.2,7,1,-128
4.0,0.2,7,2,-210
4.0,0.2,7,3,-203
4.0,0.2,7,4,-166
4.0,0.2,8,0,-1931
4.0,0.2,8,1,-101993
4.0,0.2,8,2,-102214
4.0,0.2,8,3,-101953
4.0,0.2,8,4,-102979
4.0,0.2,9,0,-102165
4.0,0.2,9,1,-101458
4.0,0.2,9,2,-101864
4.0,0.2,9,3,-101536
4.0,0.2,9,4,-101824
4.0,0.25,1,0,-100918
4.0,0.25,1,1,-101218
4.0,0.25,1,2,-101498
4.0,0.25,1,3,-101293
4.0,0.25,1,4,-101088
4.0,0.25,2,0,-100824
4.0,0.25,2,1,-101287
4.0,0.25,2,2,-101215
4.0,0.25,2,3,-100751
4.0,0.25,2,4,-101196
4.0,0.25,3,0,-1975
4.0,0.25,3,1,-102300
4.0,0.25,3,2,-101491
4.0,0.25,3,3,-101911
4.0,0.25,3,4,-101377
4.0,0.25,4,0,-223
4.0,0.25,4,1,-236
4.0,0.25,4,2,-284
4.0,0.25,4,3,-265
4.0,0.25,4,4,-193
4.0,0.25,5,0,-49
4.0,0.25,5,1,-74
4.0,0.25,5,2,-97
4.0,0.25,5,3,-77
4.0,0.25,5,4,-52
4.0,0.25,6,0,-40
4.0,0.25,6,1,-54
4.0,0.25,6,2,-67
4.0,0.25,6,3,-83
4.0,0.25,6,4,-52
4.0,0.25,7,0,-158
4.0,0.25,7,1,-123
4.0,0.25,7,2,-218
4.0,0.25,7,3,-218
4.0,0.25,7,4,-175
4.0,0.25,8,0,-1872
4.0,0.25,8,1,-102834
4.0,0.25,8,2,-102149
4.0,0.25,8,3,-101960
4.0,0.25,8,4,-102399
4.0,0.25,9,0,-101136
4.0,0.25,9,1,-101443
4.0,0.25,9,2,-101257
4.0,0.25,9,3,-102182
4.0,0.25,9,4,-101549
4.0,0.33,1,0,-101046
4.0,0.33,1,1,-101386
4.0,0.33,1,2,-101472
4.0,0.33,1,3,-101643
4.0,0.33,1,4,-101497
4.0,0.33,2,0,-101109
4.0,0.33,2,1,-100705
4.0,0.33,2,2,-101004
4.0,0.33,2,3,-100976
4.0,0.33,2,4,-100647
4.0,0.33,3,0,-101081
4.0,0.33,3,1,-101038
4.0,0.33,3,2,-101004
4.0,0.33,3,3,-102248
4.0,0.33,3,4,-101498
4.0,0.33,4,0,-753
4.0,0.33,4,1,-777
4.0,0.33,4,2,-1191
4.0,0.33,4,3,-951
4.0,0.33,4,4,-903
4.0,0.33,5,0,-113
4.0,0.33,5,1,-156
4.0,0.33,5,2,-200
4.0,0.33,5,3,-193
4.0,0.33,5,4,-185
4.0,0.33,6,0,-63
4.0,0.33,6,1,-91
4.0,0.33,6,2,-95
4.0,0.33,6,3,-117
4.0,0.33,6,4,-124
4.0,0.33,7,0,-167
4.0,0.33,7,1,-134
4.0,0.33,7,2,-242
4.0,0.33,7,3,-229
4.0,0.33,7,4,-187
4.0,0.33,8,0,-2083
4.0,0.33,8,1,-102446
4.0,0.33,8,2,-102133
4.0,0.33,8,3,-101573
4.0,0.33,8,4,-102460
4.0,0.33,9,0,-100964
4.0,0.33,9,1,-101199
4.0,0.33,9,2,-101070
4.0,0.33,9,3,-102284
4.0,0.33,9,4,-101878
4.0,0.5,1,0,-101231
4.0,0.5,1,1,-101237
4.0,0.5,1,2,-101654
4.0,0.5,1,3,-101214
4.0,0.5,1,4,-101213
4.0,0.5,2,0,-100611
4.0,0.5,2,1,-101571
4.0,0.5,2,2,-102204
4.0,0.5,2,3,-100904
4.0,0.5,2,4,-101724
4.0,0.5,3,0,-102300
4.0,0.5,3,1,-101764
4.0,0.5,3,2,-101198
4.0,0.5,3,3,-101168
4.0,0.5,3,4,-101991
4.0,0.5,4,0,-100931
4.0,0.5,4,1,-101237
4.0,0.5,4,2,-102194
4.0,0.5,4,3,-101452
4.0,0.5,4,4,-101818
4.0,0.5,5,0,-1119
4.0,0.5,5,1,-102153
4.0,0.5,5,2,-101960
4.0,0.5,5,3,-101502
4.0,0.5,5,4,-101192
4.0,0.5,6,0,-281
4.0,0.5,6,1,-328
4.0,0.5,6,2,-398
4.0,0.5,6,3,-399
4.0,0.5,6,4,-401
4.0,0.5,7,0,-245
4.0,0.5,7,1,-237
4.0,0.5,7,2,-351
4.0,0.5,7,3,-349
4.0,0.5,7,4,-284
4.0,0.5,8,0,-1968
4.0,0.5,8,1,-102066
4.0,0.5,8,2,-102227
4.0,0.5,8,3,-101362
4.0,0.5,8,4,-102774
4.0,0.5,9,0,-101343
4.0,0.5,9,1,-100976
4.0,0.5,9,2,-101027
4.0,0.5,9,3,-102450
4.0,0.5,9,4,-101616
5.0,0.2,1,0,-100698
5.0,0.2,1,1,-102541
5.0,0.2,1,2,-101824
5.0,0.2,1,3,-100646
5.0,0.2,1,4,-101163
5.0,0.2,2,0,-101878
5.0,0.2,2,1,-101928
5.0,0.2,2,2,-102531
5.0,0.2,2,3,-101465
5.0,0.2,2,4,-101933
5.0,0.2,3,0,-675
5.0,0.2,3,1,-715
5.0,0.2,3,2,-101782
5.0,0.2,3,3,-942
5.0,0.2,3,4,-793
5.0,0.2,4,0,-114
5.0,0.2,4,1,-153
5.0,0.2,4,2,-174
5.0,0.2,4,3,-142
5.0,0.2,4,4,-141
5.0,0.2,5,0,-32
5.0,0.2,5,1,-43
5.0,0.2,5,2,-65
5.0,0.2,5,3,-55
5.0,0.2,5,4,-40
5.0,0.2,6,0,-14
5.0,0.2,6,1,-24
5.0,0.2,6,2,-36
5.0,0.2,6,3,-41
5.0,0.2,6,4,-19
5.0,0.2,7,0,-60
5.0,0.2,7,1,-42
5.0,0.2,7,2,-65
5.0,0.2,7,3,-93
5.0,0.2,7,4,-55
5.0,0.2,8,0,-627
5.0,0.2,8,1,-387
5.0,0.2,8,2,-1038
5.0,0.2,8,3,-1022
5.0,0.2,8,4,-552
5.0,0.2,9,0,-101555
5.0,0.2,9,1,-101022
5.0,0.2,9,2,-101424
5.0,0.2,9,3,-101633
5.0,0.2,9,4,-101359
5.0,0.25,1,0,-101246
5.0,0.25,1,1,-101135
5.0,0.25,1,2,-101400
5.0,0.25,1,3,-101334
5.0,0.25,1,4,-101113
5.0,0.25,2,0,-101089
5.0,0.25,2,1,-101787
5.0,0.25,2,2,-101309
5.0,0.25,2,3,-101546
5.0,0.25,2,4,-100985
5.0,0.25,3,0,-101513
5.0,0.25,3,1,-101779
5.0,0.25,3,2,-101973
5.0,0.25,3,3,-101647
5.0,0.25,3,4,-101692
5.0,0.25,4,0,-231
5.0,0.25,4,1,-339
5.0,0.25,4,2,-437
5.0,0.25,4,3,-248
5.0,0.25,4,4,-277
5.0,0.25,5,0,-58
5.0,0.25,5,1,-79
5.0,0.25,5,2,-110
5.0,0.25,5,3,-89
5.0,0.25,5,4,-66
5.0,0.25,6,0,-28
5.0,0.25,6,1,-32
5.0,0.25,6,2,-54
5.0,0.25,6,3,-49
5.0,0.25,6,4,-27
5.0,0.25,7,0,-59
5.0,0.25,7,1,-46
5.0,0.25,7,2,-73
5.0,0.25,7,3,-104
5.0,0.25,7,4,-55
5.0,0.25,8,0,-675
5.0,0.25,8,1,-450
5.0,0.25,8,2,-1077
5.0,0.25,8,3,-1022
5.0,0.25,8,4,-520
5.0,0.25,9,0,-101712
5.0,0.25,9,1,-101775
5.0,0.25,9,2,-100976
5.0,0.25,9,3,-101505
5.0,0.25,9,4,-101171
5.0,0.33,1,0,-101951
5.0,0.33,1,1,-101666
5.0,0.33,1,2,-100855
5.0,0.33,1,3,-101461
5.0,0.33,1,4,-101398
5.0,0.33,2,0,-100958
5.0,0.33,2,1,-100759
5.0,0.33,2,2,-100752
5.0,0.33,2,3,-101961
5.0,0.33,2,4,-101711
5.0,0.33,3,0,-101492
5.0,0.33,3,1,-100849
5.0,0.33,3,2,-100905
5.0,0.33,3,3,-101071
5.0,0.33,3,4,-101149
5.0,0.33,4,0,-1059
5.0,0.33,4,1,-1085
5.0,0.33,4,2,-101532
5.0,0.33,4,3,-1585
5.0,0.33,4,4,-101380
5.0,0.33,5,0,-140
5.0,0.33,5,1,-224
5.0,0.33,5,2,-335
5.0,0.33,5,3,-288
5.0,0.33,5,4,-273
5.0,0.33,6,0,-59
5.0,0.33,6,1,-72
5.0,0.33,6,2,-111
5.0,0.33,6,3,-94
5.0,0.33,6,4,-102
5.0,0.33,7,0,-67
5.0,0.33,7,1,-60
5.0,0.33,7,2,-89
5.0,0.33,7,3,-123
5.0,0.33,7,4,-86
5.0,0.33,8,0,-602
5.0,0.33,8,1,-388
5.0,0.33,8,2,-1076
5.0,0.33,8,3,-1021
5.0,0.33,8,4,-586
5.0,0.33,9,0,-101526
5.0,0.33,9,1,-101305
5.0,0.33,9,2,-103063
5.0,0.33,9,3,-101587
5.0,0.33,9,4,-101036
5.0,0.5,1,0,-101465
5.0,0.5,1,1,-101237
5.0,0.5,1,2,-101493
5.0,0.5,1,3,-101225
5.0,0.5,1,4,-101153
5.0,0.5,2,0,-100783
5.0,0.5,2,1,-101870
5.0,0.5,2,2,-101598
5.0,0.5,2,3,-101397
5.0,0.5,2,4,-101413
5.0,0.5,3,0,-101185
5.0,0.5,3,1,-101229
5.0,0.5,3,2,-101100
5.0,0.5,3,3,-101801
5.0,0.5,3,4,-101073
5.0,0.5,4,0,-100985
5.0,0.5,4,1,-101212
5.0,0.5,4,2,-101257
5.0,0.5,4,3,-100623
5.0,0.5,4,4,-101441
5.0,0.5,5,0,-102432
5.0,0.5,5,1,-102256
5.0,0.5,5,2,-101268
5.0,0.5,5,3,-101579
5.0,0.5,5,4,-101051
5.0,0.5,6,0,-421
5.0,0.5,6,1,-456
5.0,0.5,6,2,-657
5.0,0.5,6,3,-506
5.0,0.5,6,4,-470
5.0,0.5,7,0,-149
5.0,0.5,7,1,-213
5.0,0.5,7,2,-236
5.0,0.5,7,3,-233
5.0,0.5,7,4,-198
5.0,0.5,8,0,-649
5.0,0.5,8,1,-487
5.0,0.5,8,2,-1119
5.0,0.5,8,3,-1061
5.0,0.5,8,4,-553
5.0,0.5,9,0,-101728
5.0,0.5,9,1,-101223
5.0,0.5,9,2,-100780
5.0,0.5,9,3,-101574
5.0,0.5,9,4,-101217
0.25,0.25,2,0,-101179
0.25,0.25,2,1,-101838
0.25,0.25,2,2,-101692
0.25,0.25,2,3,-101248
0.25,0.25,2,4,-101482
0.25,0.25,3,0,-101141
0.25,0.25,3,1,-101312
0.25,0.25,3,2,-101335
0.25,0.25,3,3,-101008
0.25,0.25,3,4,-101355
0.25,0.25,4,0,-101387
0.25,0.25,4,1,-101597
0.25,0.25,4,2,-101357
0.25,0.25,4,3,-101592
0.25,0.25,4,4,-101313
0.25,0.25,5,0,-101779
0.25,0.25,5,1,-101518
0.25,0.25,5,2,-100695
0.25,0.25,5,3,-101511
0.25,0.25,5,4,-100934
0.25,0.25,6,0,-100751
0.25,0.25,6,1,-101298
0.25,0.25,6,2,-102723
0.25,0.25,6,3,-100724
0.25,0.25,6,4,-100901
0.25,0.25,7,0,-102009
0.25,0.25,7,1,-101412
0.25,0.25,7,2,-101336
0.25,0.25,7,3,-101946
0.25,0.25,7,4,-100629
0.25,0.25,8,0,-101177
0.25,0.25,8,1,-100796
0.25,0.25,8,2,-101763
0.25,0.25,8,3,-101771
0.25,0.25,8,4,-101240
0.25,0.25,9,0,-101224
0.25,0.25,9,1,-101268
0.25,0.25,9,2,-101087
0.25,0.25,9,3,-100391
0.25,0.25,9,4,-100749
0.25,0.33,2,0,-101302
0.25,0.33,2,1,-101530
0.25,0.33,2,2,-101256
0.25,0.33,2,3,-101367
0.25,0.33,2,4,-101391
0.25,0.33,3,0,-101012
0.25,0.33,3,1,-101528
0.25,0.33,3,2,-101228
0.25,0.33,3,3,-100808
0.25,0.33,3,4,-101400
0.25,0.33,4,0,-100880
0.25,0.33,4,1,-101288
0.25,0.33,4,2,-101054
0.25,0.33,4,3,-101120
0.25,0.33,4,4,-101110
0.25,0.33,5,0,-100721
0.25,0.33,5,1,-101372
0.25,0.33,5,2,-101128
0.25,0.33,5,3,-100933
0.25,0.33,5,4,-101371
0.25,0.33,6,0,-100734
0.25,0.33,6,1,-101597
0.25,0.33,6,2,-102383
0.25,0.33,6,3,-101559
0.25,0.33,6,4,-100825
0.25,0.33,7,0,-101062
0.25,0.33,7,1,-101574
0.25,0.33,7,2,-101779
0.25,0.33,7,3,-101896
0.25,0.33,7,4,-101196
0.25,0.33,8,0,-101516
0.25,0.33,8,1,-100733
0.25,0.33,8,2,-101025
0.25,0.33,8,3,-101019
0.25,0.33,8,4,-101488
0.25,0.33,9,0,-100895
0.25,0.33,9,1,-101741
0.25,0.33,9,2,-101007
0.25,0.33,9,3,-101061
0.25,0.33,9,4,-101007
0.25,0.5,2,0,-101343
0.25,0.5,2,1,-101210
0.25,0.5,2,2,-101909
0.25,0.5,2,3,-101413
0.25,0.5,2,4,-101387
0.25,0.5,3,0,-101127
0.25,0.5,3,1,-101374
0.25,0.5,3,2,-101187
0.25,0.5,3,3,-101739
0.25,0.5,3,4,-101326
0.25,0.5,4,0,-101153
0.25,0.5,4,1,-101401
0.25,0.5,4,2,-101458
0.25,0.5,4,3,-101407
0.25,0.5,4,4,-100763
0.25,0.5,5,0,-100759
0.25,0.5,5,1,-101109
0.25,0.5,5,2,-101010
0.25,0.5,5,3,-100796
0.25,0.5,5,4,-100841
0.25,0.5,6,0,-100719
0.25,0.5,6,1,-101543
0.25,0.5,6,2,-101323
0.25,0.5,6,3,-101628
0.25,0.5,6,4,-101061
0.25,0.5,7,0,-100769
0.25,0.5,7,1,-101910
0.25,0.5,7,2,-101311
0.25,0.5,7,3,-101921
0.25,0.5,7,4,-102147
0.25,0.5,8,0,-100838
0.25,0.5,8,1,-101927
0.25,0.5,8,2,-100722
0.25,0.5,8,3,-102085
0.25,0.5,8,4,-101325
0.25,0.5,9,0,-101038
0.25,0.5,9,1,-102035
0.25,0.5,9,2,-101087
0.25,0.5,9,3,-100962
0.25,0.5,9,4,-101862
