flow,duration,cap,seed,result
0.2,0.2,1,0,-102025
0.2,0.2,1,1,-101484
0.2,0.2,1,2,-101294
0.2,0.2,1,3,-102383
0.2,0.2,1,4,-101572
0.2,0.2,2,0,-101415
0.2,0.2,2,1,-101339
0.2,0.2,2,2,-101384
0.2,0.2,2,3,-101965
0.2,0.2,2,4,-101517
0.2,0.2,3,0,-102171
0.2,0.2,3,1,-101720
0.2,0.2,3,2,-101418
0.2,0.2,3,3,-101481
0.2,0.2,3,4,-101014
0.2,0.2,4,0,-101712
0.2,0.2,4,1,-101836
0.2,0.2,4,2,-101446
0.2,0.2,4,3,-101666
0.2,0.2,4,4,-101366
0.2,0.2,5,0,-101806
0.2,0.2,5,1,-101320
0.2,0.2,5,2,-101524
0.2,0.2,5,3,-101411
0.2,0.2,5,4,-101301
0.2,0.2,6,0,-101001
0.2,0.2,6,1,-101459
0.2,0.2,6,2,-101600
0.2,0.2,6,3,-101526
0.2,0.2,6,4,-101293
0.2,0.2,7,0,-101204
0.2,0.2,7,1,-101366
0.2,0.2,7,2,-101499
0.2,0.2,7,3,-101823
0.2,0.2,7,4,-101305
0.2,0.2,8,0,-100844
0.2,0.2,8,1,-101518
0.2,0.2,8,2,-101933
0.2,0.2,8,3,-101123
0.2,0.2,8,4,-101260
0.2,0.2,9,0,-101229
0.2,0.2,9,1,-101620
0.2,0.2,9,2,-101603
0.2,0.2,9,3,-101317
0.2,0.2,9,4,-101504
0.2,0.25,1,0,-101821
0.2,0.25,1,1,-101631
0.2,0.25,1,2,-101308
0.2,0.25,1,3,-101637
0.2,0.25,1,4,-101671
0.2,0.25,2,0,-101810
0.2,0.25,2,1,-101332
0.2,0.25,2,2,-101476
0.2,0.25,2,3,-101698
0.2,0.25,2,4,-101342
0.2,0.25,3,0,-102374
0.2,0.25,3,1,-101828
0.2,0.25,3,2,-101638
0.2,0.25,3,3,-101633
0.2,0.25,3,4,-101318
0.2,0.25,4,0,-101008
0.2,0.25,4,1,-101733
0.2,0.25,4,2,-101378
0.2,0.25,4,3,-101642
0.2,0.25,4,4,-101357
0.2,0.25,5,0,-101962
0.2,0.25,5,1,-101401
0.2,0.25,5,2,-101707
0.2,0.25,5,3,-101518
0.2,0.25,5,4,-101009
0.2,0.25,6,0,-101031
0.2,0.25,6,1,-100959
0.2,0.25,6,2,-101459
0.2,0.25,6,3,-101972
0.2,0.25,6,4,-101028
0.2,0.25,7,0,-101099
0.2,0.25,7,1,-101905
0.2,0.25,7,2,-101482
0.2,0.25,7,3,-101392
0.2,0.25,7,4,-101232
0.2,0.25,8,0,-101404
0.2,0.25,8,1,-101517
0.2,0.25,8,2,-102090
0.2,0.25,8,3,-101576
0.2,0.25,8,4,-101030
0.2,0.25,9,0,-100946
0.2,0.25,9,1,-101932
0.2,0.25,9,2,-102025
0.2,0.25,9,3,-100831
0.2,0.25,9,4,-101522
0.2,0.33,1,0,-101135
0.2,0.33,1,1,-101531
0.2,0.33,1,2,-101358
0.2,0.33,1,3,-101489
0.2,0.33,1,4,-101468
0.2,0.33,2,0,-101391
0.2,0.33,2,1,-101204
0.2,0.33,2,2,-101335
0.2,0.33,2,3,-101086
0.2,0.33,2,4,-101524
0.2,0.33,3,0,-101026
0.2,0.33,3,1,-101372
0.2,0.33,3,2,-101644
0.2,0.33,3,3,-101426
0.2,0.33,3,4,-101462
0.2,0.33,4,0,-101230
0.2,0.33,4,1,-101969
0.2,0.33,4,2,-101367
0.2,0.33,4,3,-101583
0.2,0.33,4,4,-101681
0.2,0.33,5,0,-101810
0.2,0.33,5,1,-101559
0.2,0.33,5,2,-101420
0.2,0.33,5,3,-101519
0.2,0.33,5,4,-101289
0.2,0.33,6,0,-100967
0.2,0.33,6,1,-101801
0.2,0.33,6,2,-101590
0.2,0.33,6,3,-101402
0.2,0.33,6,4,-101155
0.2,0.33,7,0,-101061
0.2,0.33,7,1,-101463
0.2,0.33,7,2,-101364
0.2,0.33,7,3,-101459
0.2,0.33,7,4,-101175
0.2,0.33,8,0,-100979
0.2,0.33,8,1,-101464
0.2,0.33,8,2,-101861
0.2,0.33,8,3,-101532
0.2,0.33,8,4,-101324
0.2,0.33,9,0,-100897
0.2,0.33,9,1,-101218
0.2,0.33,9,2,-101778
0.2,0.33,9,3,-101830
0.2,0.33,9,4,-101255
0.2,0.5,1,0,-101015
0.2,0.5,1,1,-101213
0.2,0.5,1,2,-101391
0.2,0.5,1,3,-101510
0.2,0.5,1,4,-101464
0.2,0.5,2,0,-100882
0.2,0.5,2,1,-101246
0.2,0.5,2,2,-101473
0.2,0.5,2,3,-101598
0.2,0.5,2,4,-100832
0.2,0.5,3,0,-101042
0.2,0.5,3,1,-101292
0.2,0.5,3,2,-101199
0.2,0.5,3,3,-101568
0.2,0.5,3,4,-101200
0.2,0.5,4,0,-100959
0.2,0.5,4,1,-101717
0.2,0.5,4,2,-101529
0.2,0.5,4,3,-101822
0.2,0.5,4,4,-101186
0.2,0.5,5,0,-100836
0.2,0.5,5,1,-101225
0.2,0.5,5,2,-101403
0.2,0.5,5,3,-101378
0.2,0.5,5,4,-101007
0.2,0.5,6,0,-100850
0.2,0.5,6,1,-101898
0.2,0.5,6,2,-101487
0.2,0.5,6,3,-101106
0.2,0.5,6,4,-101342
0.2,0.5,7,0,-101170
0.2,0.5,7,1,-101319
0.2,0.5,7,2,-101920
0.2,0.5,7,3,-100770
0.2,0.5,7,4,-101148
0.2,0.5,8,0,-101106
0.2,0.5,8,1,-101489
0.2,0.5,8,2,-101572
0.2,0.5,8,3,-101443
0.2,0.5,8,4,-101276
0.2,0.5,9,0,-101147
0.2,0.5,9,1,-101354
0.2,0.5,9,2,-101280
0.2,0.5,9,3,-100967
0.2,0.5,9,4,-101111
0.25,0.2,1,0,-1689
0.25,0.2,1,1,-101693
0.25,0.2,1,2,-102306
0.25,0.2,1,3,-101768
0.25,0.2,1,4,-101623
0.25,0.2,2,0,-1515
0.25,0.2,2,1,-102048
0.25,0.2,2,2,-101298
0.25,0.2,2,3,-101887
0.25,0.2,2,4,-101983
0.25,0.2,3,0,-1824
0.25,0.2,3,1,-101462
0.25,0.2,3,2,-101063
0.25,0.2,3,3,-101905
0.25,0.2,3,4,-1740
0.25,0.2,4,0,-101723
0.25,0.2,4,1,-101578
0.25,0.2,4,2,-101516
0.25,0.2,4,3,-101686
0.25,0.2,4,4,-101435
0.25,0.2,5,0,-101977
0.25,0.2,5,1,-102004
0.25,0.2,5,2,-101360
0.25,0.2,5,3,-101479
0.25,0.2,5,4,-101993
0.25,0.2,6,0,-102028
0.25,0.2,6,1,-101685
0.25,0.2,6,2,-101756
0.25,0.2,6,3,-101563
0.25,0.2,6,4,-101430
0.25,0.2,7,0,-102176
0.25,0.2,7,1,-101725
0.25,0.2,7,2,-101408
0.25,0.2,7,3,-102029
0.25,0.2,7,4,-101423
0.25,0.2,8,0,-101224
0.25,0.2,8,1,-101677
0.25,0.2,8,2,-101748
0.25,0.2,8,3,-101984
0.25,0.2,8,4,-102022
0.25,0.2,9,0,-100946
0.25,0.2,9,1,-102583
0.25,0.2,9,2,-101626
0.25,0.2,9,3,-101548
0.25,0.2,9,4,-101478
0.25,0.25,1,0,-102196
0.25,0.25,1,1,-101840
0.25,0.25,1,2,-101670
0.25,0.25,1,3,-101615
0.25,0.25,1,4,-101851
0.25,0.25,2,0,-1510
0.25,0.25,2,1,-101685
0.25,0.25,2,2,-101249
0.25,0.25,2,3,-101605
0.25,0.25,2,4,-101749
0.25,0.25,3,0,-1664
0.25,0.25,3,1,-101583
0.25,0.25,3,2,-101061
0.25,0.25,3,3,-101352
0.25,0.25,3,4,-101573
0.25,0.25,4,0,-1817
0.25,0.25,4,1,-102085
0.25,0.25,4,2,-101669
0.25,0.25,4,3,-101928
0.25,0.25,4,4,-101951
0.25,0.25,5,0,-1701
0.25,0.25,5,1,-101427
0.25,0.25,5,2,-101686
0.25,0.25,5,3,-101674
0.25,0.25,5,4,-101453
0.25,0.25,6,0,-1756
0.25,0.25,6,1,-101799
0.25,0.25,6,2,-101908
0.25,0.25,6,3,-101720
0.25,0.25,6,4,-101237
0.25,0.25,7,0,-2013
0.25,0.25,7,1,-101798
0.25,0.25,7,2,-101623
0.25,0.25,7,3,-101499
0.25,0.25,7,4,-101778
0.25,0.25,8,0,-101743
0.25,0.25,8,1,-102049
0.25,0.25,8,2,-101579
0.25,0.25,8,3,-101788
0.25,0.25,8,4,-101576
0.25,0.25,9,0,-101493
0.25,0.25,9,1,-101267
0.25,0.25,9,2,-101605
0.25,0.25,9,3,-101652
0.25,0.25,9,4,-2655
0.25,0.33,1,0,-1963
0.25,0.33,1,1,-101635
0.25,0.33,1,2,-101111
0.25,0.33,1,3,-101569
0.25,0.33,1,4,-101678
0.25,0.33,2,0,-102635
0.25,0.33,2,1,-101541
0.25,0.33,2,2,-101261
0.25,0.33,2,3,-101786
0.25,0.33,2,4,-101299
0.25,0.33,3,0,-101210
0.25,0.33,3,1,-101450
0.25,0.33,3,2,-101350
0.25,0.33,3,3,-101786
0.25,0.33,3,4,-101775
0.25,0.33,4,0,-101126
0.25,0.33,4,1,-101769
0.25,0.33,4,2,-101649
0.25,0.33,4,3,-101839
0.25,0.33,4,4,-101363
0.25,0.33,5,0,-101769
0.25,0.33,5,1,-101298
0.25,0.33,5,2,-101460
0.25,0.33,5,3,-101641
0.25,0.33,5,4,-101437
0.25,0.33,6,0,-101392
0.25,0.33,6,1,-101745
0.25,0.33,6,2,-101626
0.25,0.33,6,3,-102141
0.25,0.33,6,4,-101350
0.25,0.33,7,0,-101233
0.25,0.33,7,1,-101999
0.25,0.33,7,2,-101645
0.25,0.33,7,3,-101790
0.25,0.33,7,4,-101694
0.25,0.33,8,0,-102962
0.25,0.33,8,1,-101344
0.25,0.33,8,2,-101558
0.25,0.33,8,3,-101862
0.25,0.33,8,4,-101325
0.25,0.33,9,0,-101933
0.25,0.33,9,1,-102385
0.25,0.33,9,2,-101646
0.25,0.33,9,3,-101237
0.25,0.33,9,4,-101182
0.25,0.5,1,0,-100984
0.25,0.5,1,1,-100860
0.25,0.5,1,2,-101340
0.25,0.5,1,3,-101367
0.25,0.5,1,4,-101703
0.25,0.5,2,0,-102235
0.25,0.5,2,1,-101437
0.25,0.5,2,2,-101239
0.25,0.5,2,3,-101484
0.25,0.5,2,4,-101115
0.25,0.5,3,0,-101227
0.25,0.5,3,1,-101396
0.25,0.5,3,2,-101315
0.25,0.5,3,3,-101572
0.25,0.5,3,4,-101189
0.25,0.5,4,0,-101630
0.25,0.5,4,1,-101405
0.25,0.5,4,2,-101256
0.25,0.5,4,3,-101671
0.25,0.5,4,4,-100823
0.25,0.5,5,0,-101990
0.25,0.5,5,1,-101243
0.25,0.5,5,2,-101236
0.25,0.5,5,3,-101611
0.25,0.5,5,4,-101322
0.25,0.5,6,0,-101279
0.25,0.5,6,1,-101097
0.25,0.5,6,2,-101478
0.25,0.5,6,3,-101487
0.25,0.5,6,4,-101405
0.25,0.5,7,0,-101058
0.25,0.5,7,1,-101120
0.25,0.5,7,2,-101242
0.25,0.5,7,3,-101707
0.25,0.5,7,4,-101133
0.25,0.5,8,0,-101006
0.25,0.5,8,1,-101012
0.25,0.5,8,2,-101505
0.25,0.5,8,3,-101708
0.25,0.5,8,4,-101223
0.25,0.5,9,0,-101118
0.25,0.5,9,1,-101134
0.25,0.5,9,2,-101851
0.25,0.5,9,3,-101963
0.25,0.5,9,4,-101161
0.33,0.2,1,0,-899
0.33,0.2,1,1,-1097
0.33,0.2,1,2,-101679
0.33,0.2,1,3,-1242
0.33,0.2,1,4,-101692
0.33,0.2,2,0,-880
0.33,0.2,2,1,-1221
0.33,0.2,2,2,-1099
0.33,0.2,2,3,-974
0.33,0.2,2,4,-101390
0.33,0.2,3,0,-1087
0.33,0.2,3,1,-1049
0.33,0.2,3,2,-1259
0.33,0.2,3,3,-101563
0.33,0.2,3,4,-1207
0.33,0.2,4,0,-961
0.33,0.2,4,1,-1041
0.33,0.2,4,2,-1199
0.33,0.2,4,3,-1005
0.33,0.2,4,4,-1195
0.33,0.2,5,0,-1135
0.33,0.2,5,1,-1088
0.33,0.2,5,2,-1478
0.33,0.2,5,3,-1219
0.33,0.2,5,4,-1699
0.33,0.2,6,0,-1272
0.33,0.2,6,1,-1067
0.33,0.2,6,2,-1414
0.33,0.2,6,3,-101323
0.33,0.2,6,4,-101164
0.33,0.2,7,0,-1232
0.33,0.2,7,1,-1143
0.33,0.2,7,2,-1569
0.33,0.2,7,3,-102065
0.33,0.2,7,4,-101698
0.33,0.2,8,0,-1169
0.33,0.2,8,1,-1299
0.33,0.2,8,2,-1454
0.33,0.2,8,3,-102175
0.33,0.2,8,4,-1536
0.33,0.2,9,0,-1337
0.33,0.2,9,1,-1329
0.33,0.2,9,2,-1740
0.33,0.2,9,3,-102191
0.33,0.2,9,4,-101196
0.33,0.25,1,0,-1033
0.33,0.25,1,1,-1219
0.33,0.25,1,2,-101338
0.33,0.25,1,3,-101418
0.33,0.25,1,4,-1219
0.33,0.25,2,0,-1208
0.33,0.25,2,1,-1562
0.33,0.25,2,2,-101647
0.33,0.25,2,3,-101457
0.33,0.25,2,4,-1378
0.33,0.25,3,0,-1114
0.33,0.25,3,1,-101718
0.33,0.25,3,2,-101586
0.33,0.25,3,3,-1181
0.33,0.25,3,4,-1368
0.33,0.25,4,0,-1225
0.33,0.25,4,1,-1101
0.33,0.25,4,2,-101863
0.33,0.25,4,3,-1213
0.33,0.25,4,4,-1364
0.33,0.25,5,0,-1229
0.33,0.25,5,1,-101617
0.33,0.25,5,2,-101756
0.33,0.25,5,3,-1478
0.33,0.25,5,4,-1269
0.33,0.25,6,0,-1396
0.33,0.25,6,1,-101526
0.33,0.25,6,2,-101671
0.33,0.25,6,3,-101651
0.33,0.25,6,4,-101730
0.33,0.25,7,0,-1362
0.33,0.25,7,1,-1281
0.33,0.25,7,2,-101665
0.33,0.25,7,3,-102167
0.33,0.25,7,4,-1512
0.33,0.25,8,0,-1349
0.33,0.25,8,1,-101136
0.33,0.25,8,2,-101467
0.33,0.25,8,3,-101964
0.33,0.25,8,4,-101098
0.33,0.25,9,0,-1497
0.33,0.25,9,1,-101627
0.33,0.25,9,2,-1795
0.33,0.25,9,3,-1729
0.33,0.25,9,4,-101310
0.33,0.33,1,0,-1686
0.33,0.33,1,1,-101434
0.33,0.33,1,2,-101675
0.33,0.33,1,3,-101780
0.33,0.33,1,4,-102472
0.33,0.33,2,0,-101631
0.33,0.33,2,1,-101867
0.33,0.33,2,2,-101969
0.33,0.33,2,3,-101510
0.33,0.33,2,4,-101991
0.5,0.2,1,0,-644
0.5,0.2,1,1,-633
0.5,0.2,1,2,-827
0.5,0.2,1,3,-784
0.5,0.2,1,4,-674
0.5,0.2,2,0,-622
0.5,0.2,2,1,-725
0.5,0.2,2,2,-770
0.5,0.2,2,3,-759
0.5,0.2,2,4,-662
0.5,0.2,3,0,-608
0.5,0.2,3,1,-667
0.5,0.2,3,2,-1134
0.5,0.2,3,3,-897
0.5,0.2,3,4,-711
0.5,0.2,4,0,-580
0.5,0.2,4,1,-663
0.5,0.2,4,2,-819
0.5,0.2,4,3,-101388
0.5,0.2,4,4,-640
0.5,0.2,5,0,-699
0.5,0.2,5,1,-708
0.5,0.2,5,2,-750
0.5,0.2,5,3,-809
0.5,0.2,5,4,-773
0.5,0.2,6,0,-714
0.5,0.2,6,1,-673
0.5,0.2,6,2,-905
0.5,0.2,6,3,-902
0.5,0.2,6,4,-883
0.5,0.2,7,0,-764
0.5,0.2,7,1,-782
0.5,0.2,7,2,-101668
0.5,0.2,7,3,-912
0.5,0.2,7,4,-891
0.5,0.2,8,0,-767
0.5,0.2,8,1,-691
0.5,0.2,8,2,-850
0.5,0.2,8,3,-971
0.5,0.2,8,4,-929
0.5,0.2,9,0,-884
0.5,0.2,9,1,-762
0.5,0.2,9,2,-805
0.5,0.2,9,3,-1098
0.5,0.2,9,4,-839
0.5,0.25,1,0,-739
0.5,0.25,1,1,-807
0.5,0.25,1,2,-955
0.5,0.25,1,3,-963
0.5,0.25,1,4,-846
0.5,0.25,2,0,-721
0.5,0.25,2,1,-871
0.5,0.25,2,2,-876
0.5,0.25,2,3,-1008
0.5,0.25,2,4,-793
0.5,0.25,3,0,-715
0.5,0.25,3,1,-1213
0.5,0.25,3,2,-989
0.5,0.25,3,3,-892
0.5,0.25,3,4,-723
0.5,0.25,4,0,-735
0.5,0.25,4,1,-925
0.5,0.25,4,2,-817
0.5,0.25,4,3,-986
0.5,0.25,4,4,-806
0.5,0.25,5,0,-874
0.5,0.25,5,1,-933
0.5,0.25,5,2,-957
0.5,0.25,5,3,-833
0.5,0.25,5,4,-931
0.5,0.25,6,0,-848
0.5,0.25,6,1,-744
0.5,0.25,6,2,-1046
0.5,0.25,6,3,-1117
0.5,0.25,6,4,-870
0.5,0.25,7,0,-920
0.5,0.25,7,1,-787
0.5,0.25,7,2,-919
0.5,0.25,7,3,-1014
0.5,0.25,7,4,-885
0.5,0.25,8,0,-802
0.5,0.25,8,1,-889
0.5,0.25,8,2,-995
0.5,0.25,8,3,-1077
0.5,0.25,8,4,-924
0.5,0.25,9,0,-1011
0.5,0.25,9,1,-1294
0.5,0.25,9,2,-1309
0.5,0.25,9,3,-101427
0.5,0.25,9,4,-825
0.5,0.33,1,0,-951
0.5,0.33,1,1,-1107
0.5,0.33,1,2,-1079
0.5,0.33,1,3,-1155
0.5,0.33,1,4,-952
0.5,0.33,2,0,-889
0.5,0.33,2,1,-101722
0.5,0.33,2,2,-101440
0.5,0.33,2,3,-1084
0.5,0.33,2,4,-914
0.5,0.33,3,0,-997
0.5,0.33,3,1,-906
0.5,0.33,3,2,-1388
0.5,0.33,3,3,-1382
0.5,0.33,3,4,-984
0.5,0.33,4,0,-959
0.5,0.33,4,1,-852
0.5,0.33,4,2,-1417
0.5,0.33,4,3,-1314
0.5,0.33,4,4,-1076
0.5,0.33,5,0,-1006
0.5,0.33,5,1,-1169
0.5,0.33,5,2,-1049
0.5,0.33,5,3,-101389
0.5,0.33,5,4,-1029
0.5,0.33,6,0,-1034
0.5,0.33,6,1,-101604
0.5,0.33,6,2,-1137
0.5,0.33,6,3,-101828
0.5,0.33,6,4,-1077
0.5,0.33,7,0,-1214
0.5,0.33,7,1,-1132
0.5,0.33,7,2,-1134
0.5,0.33,7,3,-1196
0.5,0.33,7,4,-1102
0.5,0.33,8,0,-1096
0.5,0.33,8,1,-964
0.5,0.33,8,2,-1222
0.5,0.33,8,3,-1339
0.5,0.33,8,4,-1053
0.5,0.33,9,0,-101915
0.5,0.33,9,1,-1042
0.5,0.33,9,2,-1543
0.5,0.33,9,3,-1561
0.5,0.33,9,4,-1282
0.5,0.5,1,0,-1959
0.5,0.5,1,1,-102137
0.5,0.5,1,2,-101528
0.5,0.5,1,3,-101599
0.5,0.5,1,4,-102590
0.5,0.5,2,0,-101561
0.5,0.5,2,1,-101739
0.5,0.5,2,2,-1955
0.5,0.5,2,3,-102381
0.5,0.5,2,4,-1772
0.5,0.5,3,0,-1383
0.5,0.5,3,1,-102090
0.5,0.5,3,2,-101453
0.5,0.5,3,3,-101609
0.5,0.5,3,4,-1942
0.5,0.5,4,0,-1649
0.5,0.5,4,1,-101892
0.5,0.5,4,2,-101645
0.5,0.5,4,3,-101605
0.5,0.5,4,4,-1627
0.5,0.5,5,0,-1588
0.5,0.5,5,1,-1603
0.5,0.5,5,2,-101733
0.5,0.5,5,3,-101524
0.5,0.5,5,4,-1696
0.5,0.5,6,0,-1491
0.5,0.5,6,1,-101834
0.5,0.5,6,2,-101755
0.5,0.5,6,3,-102046
0.5,0.5,6,4,-101754
0.5,0.5,7,0,-1556
0.5,0.5,7,1,-102089
0.5,0.5,7,2,-101956
0.5,0.5,7,3,-101720
0.5,0.5,7,4,-1849
0.5,0.5,8,0,-101371
0.5,0.5,8,1,-101982
0.5,0.5,8,2,-101349
0.5,0.5,8,3,-101793
0.5,0.5,8,4,-101180
0.5,0.5,9,0,-1865
0.5,0.5,9,1,-101875
0.5,0.5,9,2,-101557
0.5,0.5,9,3,-101952
0.5,0.5,9,4,-101883
1.0,0.2,1,0,-280
1.0,0.2,1,1,-287
1.0,0.2,1,2,-340
1.0,0.2,1,3,-380
1.0,0.2,1,4,-302
1.0,0.2,2,0,-256
1.0,0.2,2,1,-282
1.0,0.2,2,2,-322
1.0,0.2,2,3,-322
1.0,0.2,2,4,-306
1.0,0.2,3,0,-246
1.0,0.2,3,1,-264
1.0,0.2,3,2,-267
1.0,0.2,3,3,-396
1.0,0.2,3,4,-292
1.0,0.2,4,0,-277
1.0,0.2,4,1,-267
1.0,0.2,4,2,-296
1.0,0.2,4,3,-325
1.0,0.2,4,4,-320
1.0,0.2,5,0,-267
1.0,0.2,5,1,-289
1.0,0.2,5,2,-326
1.0,0.2,5,3,-397
1.0,0.2,5,4,-346
1.0,0.2,6,0,-307
1.0,0.2,6,1,-304
1.0,0.2,6,2,-302
1.0,0.2,6,3,-344
1.0,0.2,6,4,-326
1.0,0.2,7,0,-269
1.0,0.2,7,1,-358
1.0,0.2,7,2,-367
1.0,0.2,7,3,-469
1.0,0.2,7,4,-416
1.0,0.2,8,0,-328
1.0,0.2,8,1,-334
1.0,0.2,8,2,-387
1.0,0.2,8,3,-439
1.0,0.2,8,4,-428
1.0,0.2,9,0,-324
1.0,0.2,9,1,-340
1.0,0.2,9,2,-360
1.0,0.2,9,3,-564
1.0,0.2,9,4,-488
1.0,0.25,1,0,-277
1.0,0.25,1,1,-366
1.0,0.25,1,2,-408
1.0,0.25,1,3,-417
1.0,0.25,1,4,-379
1.0,0.25,2,0,-284
1.0,0.25,2,1,-358
1.0,0.25,2,2,-338
1.0,0.25,2,3,-369
1.0,0.25,2,4,-375
1.0,0.25,3,0,-280
1.0,0.25,3,1,-372
1.0,0.25,3,2,-352
1.0,0.25,3,3,-454
1.0,0.25,3,4,-386
1.0,0.25,4,0,-277
1.0,0.25,4,1,-331
1.0,0.25,4,2,-378
1.0,0.25,4,3,-394
1.0,0.25,4,4,-346
1.0,0.25,5,0,-296
1.0,0.25,5,1,-343
1.0,0.25,5,2,-382
1.0,0.25,5,3,-426
1.0,0.25,5,4,-396
1.0,0.25,6,0,-329
1.0,0.25,6,1,-360
1.0,0.25,6,2,-405
1.0,0.25,6,3,-424
1.0,0.25,6,4,-398
1.0,0.25,7,0,-301
1.0,0.25,7,1,-365
1.0,0.25,7,2,-412
1.0,0.25,7,3,-499
1.0,0.25,7,4,-470
1.0,0.25,8,0,-350
1.0,0.25,8,1,-391
1.0,0.25,8,2,-489
1.0,0.25,8,3,-485
1.0,0.25,8,4,-480
1.0,0.25,9,0,-402
1.0,0.25,9,1,-415
1.0,0.25,9,2,-523
1.0,0.25,9,3,-462
1.0,0.25,9,4,-485
1.0,0.33,1,0,-373
1.0,0.33,1,1,-430
1.0,0.33,1,2,-590
1.0,0.33,1,3,-590
1.0,0.33,1,4,-524
1.0,0.33,2,0,-420
1.0,0.33,2,1,-433
1.0,0.33,2,2,-481
1.0,0.33,2,3,-604
1.0,0.33,2,4,-535
1.0,0.33,3,0,-382
1.0,0.33,3,1,-388
1.0,0.33,3,2,-447
1.0,0.33,3,3,-531
1.0,0.33,3,4,-440
1.0,0.33,4,0,-375
1.0,0.33,4,1,-418
1.0,0.33,4,2,-431
1.0,0.33,4,3,-563
1.0,0.33,4,4,-479
1.0,0.33,5,0,-398
1.0,0.33,5,1,-481
1.0,0.33,5,2,-471
1.0,0.33,5,3,-495
1.0,0.33,5,4,-494
1.0,0.33,6,0,-405
1.0,0.33,6,1,-436
1.0,0.33,6,2,-510
1.0,0.33,6,3,-515
1.0,0.33,6,4,-548
1.0,0.33,7,0,-439
1.0,0.33,7,1,-490
1.0,0.33,7,2,-534
1.0,0.33,7,3,-589
1.0,0.33,7,4,-605
1.0,0.33,8,0,-448
1.0,0.33,8,1,-516
1.0,0.33,8,2,-610
1.0,0.33,8,3,-543
1.0,0.33,8,4,-710
1.0,0.33,9,0,-528
1.0,0.33,9,1,-424
1.0,0.33,9,2,-562
1.0,0.33,9,3,-707
1.0,0.33,9,4,-586
1.0,0.5,1,0,-895
1.0,0.5,1,1,-937
1.0,0.5,1,2,-1047
1.0,0.5,1,3,-1001
1.0,0.5,1,4,-749
1.0,0.5,2,0,-775
1.0,0.5,2,1,-924
1.0,0.5,2,2,-1087
1.0,0.5,2,3,-1072
1.0,0.5,2,4,-872
1.0,0.5,3,0,-752
1.0,0.5,3,1,-831
1.0,0.5,3,2,-1036
1.0,0.5,3,3,-1141
1.0,0.5,3,4,-822
1.0,0.5,4,0,-784
1.0,0.5,4,1,-782
1.0,0.5,4,2,-1086
1.0,0.5,4,3,-1655
1.0,0.5,4,4,-890
1.0,0.5,5,0,-769
1.0,0.5,5,1,-980
1.0,0.5,5,2,-1037
1.0,0.5,5,3,-948
1.0,0.5,5,4,-710
1.0,0.5,6,0,-721
1.0,0.5,6,1,-1001
1.0,0.5,6,2,-101333
1.0,0.5,6,3,-1046
1.0,0.5,6,4,-808
1.0,0.5,7,0,-760
1.0,0.5,7,1,-869
1.0,0.5,7,2,-996
1.0,0.5,7,3,-1084
1.0,0.5,7,4,-871
1.0,0.5,8,0,-809
1.0,0.5,8,1,-911
1.0,0.5,8,2,-1270
1.0,0.5,8,3,-1122
1.0,0.5,8,4,-882
1.0,0.5,9,0,-918
1.0,0.5,9,1,-820
1.0,0.5,9,2,-1160
1.0,0.5,9,3,-1114
1.0,0.5,9,4,-873
2.0,0.2,1,0,-197
2.0,0.2,1,1,-135
2.0,0.2,1,2,-165
2.0,0.2,1,3,-150
2.0,0.2,1,4,-103
2.0,0.2,2,0,-134
2.0,0.2,2,1,-124
2.0,0.2,2,2,-125
2.0,0.2,2,3,-157
2.0,0.2,2,4,-86
2.0,0.2,3,0,-112
2.0,0.2,3,1,-143
2.0,0.2,3,2,-112
2.0,0.2,3,3,-180
2.0,0.2,3,4,-77
2.0,0.2,4,0,-148
2.0,0.2,4,1,-87
2.0,0.2,4,2,-99
2.0,0.2,4,3,-162
2.0,0.2,4,4,-75
2.0,0.2,5,0,-101
2.0,0.2,5,1,-117
2.0,0.2,5,2,-112
2.0,0.2,5,3,-151
2.0,0.2,5,4,-93
2.0,0.2,6,0,-188
2.0,0.2,6,1,-66
2.0,0.2,6,2,-125
2.0,0.2,6,3,-138
2.0,0.2,6,4,-101
2.0,0.2,7,0,-158
2.0,0.2,7,1,-102
2.0,0.2,7,2,-151
2.0,0.2,7,3,-193
2.0,0.2,7,4,-108
2.0,0.2,8,0,-135
2.0,0.2,8,1,-113
2.0,0.2,8,2,-164
2.0,0.2,8,3,-219
2.0,0.2,8,4,-130
2.0,0.2,9,0,-179
2.0,0.2,9,1,-148
2.0,0.2,9,2,-164
2.0,0.2,9,3,-225
2.0,0.2,9,4,-167
2.0,0.25,1,0,-224
2.0,0.25,1,1,-208
2.0,0.25,1,2,-230
2.0,0.25,1,3,-240
2.0,0.25,1,4,-128
2.0,0.25,2,0,-186
2.0,0.25,2,1,-183
2.0,0.25,2,2,-156
2.0,0.25,2,3,-195
2.0,0.25,2,4,-136
2.0,0.25,3,0,-186
2.0,0.25,3,1,-168
2.0,0.25,3,2,-152
2.0,0.25,3,3,-167
2.0,0.25,3,4,-103
2.0,0.25,4,0,-137
2.0,0.25,4,1,-157
2.0,0.25,4,2,-189
2.0,0.25,4,3,-204
2.0,0.25,4,4,-133
2.0,0.25,5,0,-156
2.0,0.25,5,1,-142
2.0,0.25,5,2,-159
2.0,0.25,5,3,-204
2.0,0.25,5,4,-139
2.0,0.25,6,0,-128
2.0,0.25,6,1,-154
2.0,0.25,6,2,-169
2.0,0.25,6,3,-158
2.0,0.25,6,4,-120
2.0,0.25,7,0,-215
2.0,0.25,7,1,-171
2.0,0.25,7,2,-196
2.0,0.25,7,3,-214
2.0,0.25,7,4,-179
2.0,0.25,8,0,-167
2.0,0.25,8,1,-187
2.0,0.25,8,2,-192
2.0,0.25,8,3,-231
2.0,0.25,8,4,-165
2.0,0.25,9,0,-298
2.0,0.25,9,1,-170
2.0,0.25,9,2,-220
2.0,0.25,9,3,-227
2.0,0.25,9,4,-202
2.0,0.33,1,0,-235
2.0,0.33,1,1,-253
2.0,0.33,1,2,-262
2.0,0.33,1,3,-328
2.0,0.33,1,4,-228
2.0,0.33,2,0,-223
2.0,0.33,2,1,-269
2.0,0.33,2,2,-216
2.0,0.33,2,3,-277
2.0,0.33,2,4,-181
2.0,0.33,3,0,-240
2.0,0.33,3,1,-235
2.0,0.33,3,2,-218
2.0,0.33,3,3,-268
2.0,0.33,3,4,-190
2.0,0.33,4,0,-221
2.0,0.33,4,1,-203
2.0,0.33,4,2,-202
2.0,0.33,4,3,-258
2.0,0.33,4,4,-189
2.0,0.33,5,0,-181
2.0,0.33,5,1,-197
2.0,0.33,5,2,-236
2.0,0.33,5,3,-235
2.0,0.33,5,4,-197
2.0,0.33,6,0,-212
2.0,0.33,6,1,-190
2.0,0.33,6,2,-271
2.0,0.33,6,3,-248
2.0,0.33,6,4,-194
2.0,0.33,7,0,-253
2.0,0.33,7,1,-200
2.0,0.33,7,2,-246
2.0,0.33,7,3,-273
2.0,0.33,7,4,-229
2.0,0.33,8,0,-227
2.0,0.33,8,1,-211
2.0,0.33,8,2,-277
2.0,0.33,8,3,-280
2.0,0.33,8,4,-235
2.0,0.33,9,0,-284
2.0,0.33,9,1,-235
2.0,0.33,9,2,-341
2.0,0.33,9,3,-290
2.0,0.33,9,4,-266
2.0,0.5,1,0,-517
2.0,0.5,1,1,-550
2.0,0.5,1,2,-587
2.0,0.5,1,3,-567
2.0,0.5,1,4,-481
2.0,0.5,2,0,-424
2.0,0.5,2,1,-514
2.0,0.5,2,2,-524
2.0,0.5,2,3,-605
2.0,0.5,2,4,-406
2.0,0.5,3,0,-427
2.0,0.5,3,1,-480
2.0,0.5,3,2,-580
2.0,0.5,3,3,-674
2.0,0.5,3,4,-392
2.0,0.5,4,0,-388
2.0,0.5,4,1,-510
2.0,0.5,4,2,-563
2.0,0.5,4,3,-531
2.0,0.5,4,4,-444
2.0,0.5,5,0,-384
2.0,0.5,5,1,-427
2.0,0.5,5,2,-502
2.0,0.5,5,3,-597
2.0,0.5,5,4,-420
2.0,0.5,6,0,-433
2.0,0.5,6,1,-435
2.0,0.5,6,2,-530
2.0,0.5,6,3,-556
2.0,0.5,6,4,-425
2.0,0.5,7,0,-458
2.0,0.5,7,1,-471
2.0,0.5,7,2,-537
2.0,0.5,7,3,-492
2.0,0.5,7,4,-444
2.0,0.5,8,0,-450
2.0,0.5,8,1,-432
2.0,0.5,8,2,-548
2.0,0.5,8,3,-575
2.0,0.5,8,4,-461
2.0,0.5,9,0,-471
2.0,0.5,9,1,-505
2.0,0.5,9,2,-496
2.0,0.5,9,3,-621
2.0,0.5,9,4,-467
3.0,0.2,1,0,-91
3.0,0.2,1,1,-127
3.0,0.2,1,2,-140
3.0,0.2,1,3,-139
3.0,0.2,1,4,-76
3.0,0.2,2,0,-73
3.0,0.2,2,1,-113
3.0,0.2,2,2,-92
3.0,0.2,2,3,-144
3.0,0.2,2,4,-75
3.0,0.2,3,0,-71
3.0,0.2,3,1,-82
3.0,0.2,3,2,-83
3.0,0.2,3,3,-107
3.0,0.2,3,4,-43
3.0,0.2,4,0,-64
3.0,0.2,4,1,-62
3.0,0.2,4,2,-67
3.0,0.2,4,3,-90
3.0,0.2,4,4,-38
3.0,0.2,5,0,-45
3.0,0.2,5,1,-50
3.0,0.2,5,2,-58
3.0,0.2,5,3,-91
3.0,0.2,5,4,-34
3.0,0.2,6,0,-55
3.0,0.2,6,1,-43
3.0,0.2,6,2,-86
3.0,0.2,6,3,-91
3.0,0.2,6,4,-53
3.0,0.2,7,0,-54
3.0,0.2,7,1,-81
3.0,0.2,7,2,-77
3.0,0.2,7,3,-112
3.0,0.2,7,4,-61
3.0,0.2,8,0,-80
3.0,0.2,8,1,-86
3.0,0.2,8,2,-110
3.0,0.2,8,3,-114
3.0,0.2,8,4,-86
3.0,0.2,9,0,-91
3.0,0.2,9,1,-95
3.0,0.2,9,2,-119
3.0,0.2,9,3,-134
3.0,0.2,9,4,-114
3.0,0.25,1,0,-94
3.0,0.25,1,1,-165
3.0,0.25,1,2,-186
3.0,0.25,1,3,-178
3.0,0.25,1,4,-107
3.0,0.25,2,0,-97
3.0,0.25,2,1,-144
3.0,0.25,2,2,-130
3.0,0.25,2,3,-157
3.0,0.25,2,4,-98
3.0,0.25,3,0,-106
3.0,0.25,3,1,-112
3.0,0.25,3,2,-118
3.0,0.25,3,3,-139
3.0,0.25,3,4,-74
3.0,0.25,4,0,-77
3.0,0.25,4,1,-84
3.0,0.25,4,2,-93
3.0,0.25,4,3,-123
3.0,0.25,4,4,-82
3.0,0.25,5,0,-57
3.0,0.25,5,1,-90
3.0,0.25,5,2,-75
3.0,0.25,5,3,-113
3.0,0.25,5,4,-52
3.0,0.25,6,0,-70
3.0,0.25,6,1,-70
3.0,0.25,6,2,-84
3.0,0.25,6,3,-112
3.0,0.25,6,4,-71
3.0,0.25,7,0,-71
3.0,0.25,7,1,-87
3.0,0.25,7,2,-101
3.0,0.25,7,3,-147
3.0,0.25,7,4,-78
3.0,0.25,8,0,-100
3.0,0.25,8,1,-78
3.0,0.25,8,2,-146
3.0,0.25,8,3,-115
3.0,0.25,8,4,-104
3.0,0.25,9,0,-110
3.0,0.25,9,1,-121
3.0,0.25,9,2,-147
3.0,0.25,9,3,-164
3.0,0.25,9,4,-143
3.0,0.33,1,0,-164
3.0,0.33,1,1,-222
3.0,0.33,1,2,-174
3.0,0.33,1,3,-224
3.0,0.33,1,4,-164
3.0,0.33,2,0,-110
3.0,0.33,2,1,-211
3.0,0.33,2,2,-173
3.0,0.33,2,3,-177
3.0,0.33,2,4,-160
3.0,0.33,3,0,-123
3.0,0.33,3,1,-160
3.0,0.33,3,2,-164
3.0,0.33,3,3,-206
3.0,0.33,3,4,-143
3.0,0.33,4,0,-114
3.0,0.33,4,1,-138
3.0,0.33,4,2,-144
3.0,0.33,4,3,-141
3.0,0.33,4,4,-138
3.0,0.33,5,0,-89
3.0,0.33,5,1,-120
3.0,0.33,5,2,-127
3.0,0.33,5,3,-132
3.0,0.33,5,4,-109
3.0,0.33,6,0,-81
3.0,0.33,6,1,-117
3.0,0.33,6,2,-145
3.0,0.33,6,3,-139
3.0,0.33,6,4,-136
3.0,0.33,7,0,-115
3.0,0.33,7,1,-106
3.0,0.33,7,2,-149
3.0,0.33,7,3,-152
3.0,0.33,7,4,-141
3.0,0.33,8,0,-113
3.0,0.33,8,1,-142
3.0,0.33,8,2,-196
3.0,0.33,8,3,-163
3.0,0.33,8,4,-161
3.0,0.33,9,0,-110
3.0,0.33,9,1,-162
3.0,0.33,9,2,-193
3.0,0.33,9,3,-189
3.0,0.33,9,4,-217
3.0,0.5,1,0,-382
3.0,0.5,1,1,-433
3.0,0.5,1,2,-424
3.0,0.5,1,3,-469
3.0,0.5,1,4,-350
3.0,0.5,2,0,-336
3.0,0.5,2,1,-429
3.0,0.5,2,2,-497
3.0,0.5,2,3,-439
3.0,0.5,2,4,-374
3.0,0.5,3,0,-313
3.0,0.5,3,1,-378
3.0,0.5,3,2,-434
3.0,0.5,3,3,-424
3.0,0.5,3,4,-350
3.0,0.5,4,0,-274
3.0,0.5,4,1,-364
3.0,0.5,4,2,-350
3.0,0.5,4,3,-434
3.0,0.5,4,4,-276
3.0,0.5,5,0,-275
3.0,0.5,5,1,-342
3.0,0.5,5,2,-315
3.0,0.5,5,3,-309
3.0,0.5,5,4,-297
3.0,0.5,6,0,-226
3.0,0.5,6,1,-323
3.0,0.5,6,2,-322
3.0,0.5,6,3,-326
3.0,0.5,6,4,-326
3.0,0.5,7,0,-265
3.0,0.5,7,1,-316
3.0,0.5,7,2,-358
3.0,0.5,7,3,-391
3.0,0.5,7,4,-312
3.0,0.5,8,0,-307
3.0,0.5,8,1,-338
3.0,0.5,8,2,-443
3.0,0.5,8,3,-332
3.0,0.5,8,4,-357
3.0,0.5,9,0,-322
3.0,0.5,9,1,-345
3.0,0.5,9,2,-439
3.0,0.5,9,3,-393
3.0,0.5,9,4,-386
4.0,0.2,1,0,-104
4.0,0.2,1,1,-124
4.0,0.2,1,2,-111
4.0,0.2,1,3,-139
4.0,0.2,1,4,-79
4.0,0.2,2,0,-75
4.0,0.2,2,1,-101
4.0,0.2,2,2,-107
4.0,0.2,2,3,-115
4.0,0.2,2,4,-101
4.0,0.2,3,0,-68
4.0,0.2,3,1,-83
4.0,0.2,3,2,-90
4.0,0.2,3,3,-83
4.0,0.2,3,4,-43
4.0,0.2,4,0,-54
4.0,0.2,4,1,-82
4.0,0.2,4,2,-70
4.0,0.2,4,3,-83
4.0,0.2,4,4,-44
4.0,0.2,5,0,-49
4.0,0.2,5,1,-46
4.0,0.2,5,2,-63
4.0,0.2,5,3,-64
4.0,0.2,5,4,-34
4.0,0.2,6,0,-24
4.0,0.2,6,1,-31
4.0,0.2,6,2,-47
4.0,0.2,6,3,-66
4.0,0.2,6,4,-43
4.0,0.2,7,0,-36
4.0,0.2,7,1,-43
4.0,0.2,7,2,-68
4.0,0.2,7,3,-75
4.0,0.2,7,4,-59
4.0,0.2,8,0,-41
4.0,0.2,8,1,-47
4.0,0.2,8,2,-89
4.0,0.2,8,3,-101
4.0,0.2,8,4,-72
4.0,0.2,9,0,-51
4.0,0.2,9,1,-73
4.0,0.2,9,2,-104
4.0,0.2,9,3,-169
4.0,0.2,9,4,-96
4.0,0.25,1,0,-78
4.0,0.25,1,1,-153
4.0,0.25,1,2,-159
4.0,0.25,1,3,-194
4.0,0.25,1,4,-140
4.0,0.25,2,0,-99
4.0,0.25,2,1,-131
4.0,0.25,2,2,-141
4.0,0.25,2,3,-196
4.0,0.25,2,4,-107
4.0,0.25,3,0,-51
4.0,0.25,3,1,-113
4.0,0.25,3,2,-104
4.0,0.25,3,3,-118
4.0,0.25,3,4,-100
4.0,0.25,4,0,-48
4.0,0.25,4,1,-74
4.0,0.25,4,2,-93
4.0,0.25,4,3,-92
4.0,0.25,4,4,-70
4.0,0.25,5,0,-63
4.0,0.25,5,1,-71
4.0,0.25,5,2,-85
4.0,0.25,5,3,-84
4.0,0.25,5,4,-58
4.0,0.25,6,0,-39
4.0,0.25,6,1,-44
4.0,0.25,6,2,-74
4.0,0.25,6,3,-91
4.0,0.25,6,4,-69
4.0,0.25,7,0,-48
4.0,0.25,7,1,-41
4.0,0.25,7,2,-79
4.0,0.25,7,3,-91
4.0,0.25,7,4,-67
4.0,0.25,8,0,-49
4.0,0.25,8,1,-44
4.0,0.25,8,2,-107
4.0,0.25,8,3,-116
4.0,0.25,8,4,-94
4.0,0.25,9,0,-64
4.0,0.25,9,1,-65
4.0,0.25,9,2,-133
4.0,0.25,9,3,-129
4.0,0.25,9,4,-129
4.0,0.33,1,0,-137
4.0,0.33,1,1,-194
4.0,0.33,1,2,-215
4.0,0.33,1,3,-213
4.0,0.33,1,4,-170
4.0,0.33,2,0,-111
4.0,0.33,2,1,-202
4.0,0.33,2,2,-151
4.0,0.33,2,3,-194
4.0,0.33,2,4,-184
4.0,0.33,3,0,-89
4.0,0.33,3,1,-167
4.0,0.33,3,2,-153
4.0,0.33,3,3,-175
4.0,0.33,3,4,-158
4.0,0.33,4,0,-82
4.0,0.33,4,1,-124
4.0,0.33,4,2,-116
4.0,0.33,4,3,-146
4.0,0.33,4,4,-131
4.0,0.33,5,0,-71
4.0,0.33,5,1,-123
4.0,0.33,5,2,-140
4.0,0.33,5,3,-129
4.0,0.33,5,4,-113
4.0,0.33,6,0,-67
4.0,0.33,6,1,-92
4.0,0.33,6,2,-96
4.0,0.33,6,3,-120
4.0,0.33,6,4,-100
4.0,0.33,7,0,-71
4.0,0.33,7,1,-89
4.0,0.33,7,2,-152
4.0,0.33,7,3,-132
4.0,0.33,7,4,-104
4.0,0.33,8,0,-78
4.0,0.33,8,1,-119
4.0,0.33,8,2,-125
4.0,0.33,8,3,-140
4.0,0.33,8,4,-143
4.0,0.33,9,0,-111
4.0,0.33,9,1,-111
4.0,0.33,9,2,-168
4.0,0.33,9,3,-142
4.0,0.33,9,4,-154
4.0,0.5,1,0,-301
4.0,0.5,1,1,-382
4.0,0.5,1,2,-443
4.0,0.5,1,3,-438
4.0,0.5,1,4,-324
4.0,0.5,2,0,-278
4.0,0.5,2,1,-403
4.0,0.5,2,2,-356
4.0,0.5,2,3,-396
4.0,0.5,2,4,-296
4.0,0.5,3,0,-238
4.0,0.5,3,1,-378
4.0,0.5,3,2,-320
4.0,0.5,3,3,-417
4.0,0.5,3,4,-294
4.0,0.5,4,0,-221
4.0,0.5,4,1,-284
4.0,0.5,4,2,-315
4.0,0.5,4,3,-386
4.0,0.5,4,4,-286
4.0,0.5,5,0,-177
4.0,0.5,5,1,-295
4.0,0.5,5,2,-290
4.0,0.5,5,3,-354
4.0,0.5,5,4,-240
4.0,0.5,6,0,-197
4.0,0.5,6,1,-258
4.0,0.5,6,2,-282
4.0,0.5,6,3,-334
4.0,0.5,6,4,-256
4.0,0.5,7,0,-191
4.0,0.5,7,1,-300
4.0,0.5,7,2,-302
4.0,0.5,7,3,-328
4.0,0.5,7,4,-260
4.0,0.5,8,0,-213
4.0,0.5,8,1,-317
4.0,0.5,8,2,-348
4.0,0.5,8,3,-291
4.0,0.5,8,4,-260
4.0,0.5,9,0,-245
4.0,0.5,9,1,-258
4.0,0.5,9,2,-391
4.0,0.5,9,3,-382
4.0,0.5,9,4,-306
5.0,0.2,1,0,-53
5.0,0.2,1,1,-108
5.0,0.2,1,2,-132
5.0,0.2,1,3,-128
5.0,0.2,1,4,-86
5.0,0.2,2,0,-63
5.0,0.2,2,1,-89
5.0,0.2,2,2,-108
5.0,0.2,2,3,-131
5.0,0.2,2,4,-68
5.0,0.2,3,0,-51
5.0,0.2,3,1,-74
5.0,0.2,3,2,-83
5.0,0.2,3,3,-97
5.0,0.2,3,4,-43
5.0,0.2,4,0,-27
5.0,0.2,4,1,-62
5.0,0.2,4,2,-67
5.0,0.2,4,3,-72
5.0,0.2,4,4,-48
5.0,0.2,5,0,-27
5.0,0.2,5,1,-33
5.0,0.2,5,2,-51
5.0,0.2,5,3,-61
5.0,0.2,5,4,-33
5.0,0.2,6,0,-15
5.0,0.2,6,1,-24
5.0,0.2,6,2,-36
5.0,0.2,6,3,-47
5.0,0.2,6,4,-19
5.0,0.2,7,0,-24
5.0,0.2,7,1,-21
5.0,0.2,7,2,-48
5.0,0.2,7,3,-59
5.0,0.2,7,4,-53
5.0,0.2,8,0,-41
5.0,0.2,8,1,-52
5.0,0.2,8,2,-57
5.0,0.2,8,3,-71
5.0,0.2,8,4,-68
5.0,0.2,9,0,-65
5.0,0.2,9,1,-79
5.0,0.2,9,2,-76
5.0,0.2,9,3,-78
5.0,0.2,9,4,-55
5.0,0.25,1,0,-89
5.0,0.25,1,1,-156
5.0,0.25,1,2,-149
5.0,0.25,1,3,-143
5.0,0.25,1,4,-103
5.0,0.25,2,0,-80
5.0,0.25,2,1,-129
5.0,0.25,2,2,-113
5.0,0.25,2,3,-158
5.0,0.25,2,4,-97
5.0,0.25,3,0,-60
5.0,0.25,3,1,-115
5.0,0.25,3,2,-95
5.0,0.25,3,3,-91
5.0,0.25,3,4,-101
5.0,0.25,4,0,-51
5.0,0.25,4,1,-77
5.0,0.25,4,2,-75
5.0,0.25,4,3,-75
5.0,0.25,4,4,-68
5.0,0.25,5,0,-45
5.0,0.25,5,1,-59
5.0,0.25,5,2,-74
5.0,0.25,5,3,-68
5.0,0.25,5,4,-41
5.0,0.25,6,0,-33
5.0,0.25,6,1,-46
5.0,0.25,6,2,-48
5.0,0.25,6,3,-57
5.0,0.25,6,4,-26
5.0,0.25,7,0,-34
5.0,0.25,7,1,-44
5.0,0.25,7,2,-71
5.0,0.25,7,3,-67
5.0,0.25,7,4,-54
5.0,0.25,8,0,-57
5.0,0.25,8,1,-55
5.0,0.25,8,2,-77
5.0,0.25,8,3,-75
5.0,0.25,8,4,-64
5.0,0.25,9,0,-61
5.0,0.25,9,1,-74
5.0,0.25,9,2,-102
5.0,0.25,9,3,-83
5.0,0.25,9,4,-64
5.0,0.33,1,0,-134
5.0,0.33,1,1,-198
5.0,0.33,1,2,-188
5.0,0.33,1,3,-202
5.0,0.33,1,4,-131
5.0,0.33,2,0,-77
5.0,0.33,2,1,-177
5.0,0.33,2,2,-158
5.0,0.33,2,3,-194
5.0,0.33,2,4,-163
5.0,0.33,3,0,-75
5.0,0.33,3,1,-144
5.0,0.33,3,2,-107
5.0,0.33,3,3,-158
5.0,0.33,3,4,-116
5.0,0.33,4,0,-80
5.0,0.33,4,1,-99
5.0,0.33,4,2,-95
5.0,0.33,4,3,-142
5.0,0.33,4,4,-103
5.0,0.33,5,0,-67
5.0,0.33,5,1,-83
5.0,0.33,5,2,-88
5.0,0.33,5,3,-117
5.0,0.33,5,4,-96
5.0,0.33,6,0,-50
5.0,0.33,6,1,-65
5.0,0.33,6,2,-86
5.0,0.33,6,3,-101
5.0,0.33,6,4,-81
5.0,0.33,7,0,-53
5.0,0.33,7,1,-63
5.0,0.33,7,2,-103
5.0,0.33,7,3,-117
5.0,0.33,7,4,-108
5.0,0.33,8,0,-64
5.0,0.33,8,1,-70
5.0,0.33,8,2,-113
5.0,0.33,8,3,-116
5.0,0.33,8,4,-114
5.0,0.33,9,0,-75
5.0,0.33,9,1,-111
5.0,0.33,9,2,-129
5.0,0.33,9,3,-141
5.0,0.33,9,4,-130
5.0,0.5,1,0,-338
5.0,0.5,1,1,-376
5.0,0.5,1,2,-345
5.0,0.5,1,3,-399
5.0,0.5,1,4,-265
5.0,0.5,2,0,-281
5.0,0.5,2,1,-334
5.0,0.5,2,2,-348
5.0,0.5,2,3,-395
5.0,0.5,2,4,-221
5.0,0.5,3,0,-210
5.0,0.5,3,1,-310
5.0,0.5,3,2,-316
5.0,0.5,3,3,-346
5.0,0.5,3,4,-231
5.0,0.5,4,0,-198
5.0,0.5,4,1,-245
5.0,0.5,4,2,-255
5.0,0.5,4,3,-314
5.0,0.5,4,4,-218
5.0,0.5,5,0,-193
5.0,0.5,5,1,-285
5.0,0.5,5,2,-252
5.0,0.5,5,3,-346
5.0,0.5,5,4,-202
5.0,0.5,6,0,-156
5.0,0.5,6,1,-251
5.0,0.5,6,2,-243
5.0,0.5,6,3,-308
5.0,0.5,6,4,-169
5.0,0.5,7,0,-196
5.0,0.5,7,1,-254
5.0,0.5,7,2,-211
5.0,0.5,7,3,-305
5.0,0.5,7,4,-204
5.0,0.5,8,0,-146
5.0,0.5,8,1,-217
5.0,0.5,8,2,-237
5.0,0.5,8,3,-230
5.0,0.5,8,4,-206
5.0,0.5,9,0,-181
5.0,0.5,9,1,-235
5.0,0.5,9,2,-299
5.0,0.5,9,3,-279
5.0,0.5,9,4,-241
0.33,0.33,4,0,-1678
0.33,0.33,4,1,-101862
0.33,0.33,4,2,-101977
0.33,0.33,4,3,-101794
0.33,0.33,4,4,-101501
0.33,0.33,5,0,-1458
0.33,0.33,5,1,-102120
0.33,0.33,5,2,-101243
0.33,0.33,5,3,-101471
0.33,0.33,5,4,-101463
0.33,0.33,6,0,-102493
0.33,0.33,7,0,-1752
0.33,0.33,7,1,-1572
0.33,0.33,7,2,-101581
0.33,0.33,7,3,-101436
0.33,0.33,7,4,-101545
0.33,0.33,8,0,-1494
0.33,0.33,8,1,-1425
0.33,0.33,8,2,-101923
0.33,0.33,8,3,-102298
0.33,0.33,8,4,-101804
0.33,0.33,9,0,-101118
0.33,0.33,9,1,-101467
0.33,0.33,9,2,-101620
0.33,0.33,9,3,-101715
0.33,0.33,9,4,-101524
0.33,0.33,6,2,-101621
0.33,0.33,6,3,-101916
0.33,0.33,6,4,-102930
0.33,0.33,3,1,-101535
0.33,0.33,3,2,-102314
0.33,0.33,3,3,-101818
0.33,0.33,3,4,-1765
0.33,0.5,1,0,-101813
0.33,0.5,1,1,-101513
0.33,0.5,1,2,-101762
0.33,0.5,1,3,-101795
0.33,0.5,1,4,-101532
0.33,0.5,3,0,-102219
0.33,0.5,3,1,-101487
0.33,0.5,3,2,-101403
0.33,0.5,3,3,-101889
0.33,0.5,3,4,-101258
0.33,0.5,4,0,-102035
0.33,0.5,4,1,-101231
0.33,0.5,4,2,-101235
0.33,0.5,4,3,-101651
0.33,0.5,4,4,-101248
0.33,0.5,5,0,-101312
0.33,0.5,5,1,-100987
0.33,0.5,5,2,-101517
0.33,0.5,5,3,-102009
0.33,0.5,5,4,-101604
0.33,0.5,6,0,-101907
0.33,0.5,6,1,-101276
0.33,0.5,6,2,-101323
0.33,0.5,6,3,-101928
0.33,0.5,6,4,-101421
0.33,0.5,7,0,-101125
0.33,0.5,7,1,-102050
0.33,0.5,7,2,-101757
0.33,0.5,7,3,-101397
0.33,0.5,7,4,-101389
0.33,0.5,8,0,-102192
0.33,0.5,8,1,-101554
0.33,0.5,8,2,-101291
0.33,0.5,8,3,-101474
0.33,0.5,8,4,-101276
0.33,0.5,9,0,-101071
0.33,0.5,9,1,-101332
0.33,0.5,9,2,-101672
0.33,0.5,9,3,-101350
0.33,0.5,9,4,-101275
0.33,0.5,2,1,-101199
0.33,0.5,2,2,-101311
0.33,0.5,2,3,-101799
0.33,0.5,2,4,-101143
